# Fatigue Labels (0=alert, 1=fatigued)
0.118450
0.113906
0.112777
0.110838
0.108591
0.107508
0.113026
0.124804
0.139233
0.149970
0.150884
0.151801
0.151837
0.154102
0.158467
0.161897
0.166193
0.170854
0.175353
0.179730
0.183159
0.185984
0.188432
0.190133
0.191599
0.192317
0.194784
0.197641
0.200151
0.202054
0.204607
0.208240
0.211701
0.215267
0.217382
0.220546
0.223082
0.223521
0.222993
0.221360
0.218964
0.216398
0.216007
0.218494
0.225007
0.233079
0.244193
0.256114
0.267653
0.277622
0.286156
0.294253
0.301695
0.308460
0.315221
0.321248
0.328102
0.334748
0.339449
0.340428
0.340769
0.341408
0.343742
0.347486
0.351546
0.358709
0.367674
0.375847
0.384198
0.391033
0.396129
0.397796
0.393549
0.387703
0.379710
0.369862
0.360586
0.352249
0.350251
0.352261
0.356303
0.359844
0.364944
0.367835
0.368856
0.364059
0.357274
0.351627
0.350720
0.351566
0.352793
0.356607
0.366051
0.377606
0.385651
0.390436
0.393089
0.394952
0.396839
0.394897
0.390245
0.386343
0.380318
0.374082
0.365992
0.356378
0.347256
0.337634
0.326412
0.316287
0.311372
0.307036
0.309012
0.314381
0.322156
0.333668
0.349243
0.360790
0.366760
0.369239
0.365682
0.357021
0.345563
0.335668
0.329980
0.329778
0.333251
0.342048
0.357434
0.374649
0.389712
0.401982
0.414803
0.426862
0.438777
0.447452
0.453236
0.461943
0.468095
0.470594
0.473753
0.473828
0.470639
0.470351
0.469205
0.466960
0.469266
0.472293
0.479176
0.486482
0.493864
0.498429
0.499456
0.496685
0.490760
0.482933
0.471922
0.457424
0.446399
0.440198
0.437323
0.433230
0.429630
0.426204
0.425228
0.423055
0.418348
0.417365
0.418541
0.419869
0.422901
0.427457
0.432974
0.438833
0.438660
0.432294
0.427285
0.418837
0.411274
0.401913
0.392833
0.385847
0.380688
0.377110
0.376083
0.377857
0.383496
0.390746
0.398882
0.407463
0.417412
0.425794
0.431803
0.433877
0.433603
0.429153
0.420125
0.408239
0.393045
0.376220
0.357528
0.335495
0.312127
0.292968
0.278225
0.265207
0.255831
0.249876
0.250461
0.258430
0.269454
0.280628
0.290894
0.298517
0.301576
0.299202
0.290449
0.277227
0.265741
0.256123
0.248313
0.243755
0.244625
0.251770
0.264608
0.279103
0.295196
0.314980
0.338296
0.364617
0.392630
0.421221
0.449050
0.475824
0.497789
0.516836
0.529521
0.538571
0.543341
0.545890
0.548629
0.555514
0.566225
0.582120
0.603513
0.627947
0.653453
0.676567
0.696755
0.717254
0.736309
0.753744
0.764974
0.773226
0.776999
0.778034
0.774452
0.765125
0.753022
0.741086
0.730960
0.723214
0.718518
0.720086
0.723967
0.733733
0.743935
0.754345
0.764394
0.776860
0.786624
0.794216
0.798144
0.799626
0.799853
0.799120
0.794224
0.786443
0.774325
0.759216
0.741147
0.722309
0.701613
0.684959
0.671578
0.662248
0.658522
0.654609
0.652328
0.651220
0.652390
0.653079
0.650433
0.646752
0.639947
0.632612
0.625278
0.615029
0.602647
0.590801
0.577052
0.566800
0.558934
0.549748
0.541032
0.535503
0.529999
0.527437
0.524299
0.523195
0.525066
0.529467
0.533820
0.540890
0.546980
0.551483
0.559778
0.565666
0.569983
0.569649
0.562996
0.554616
0.545207
0.537106
0.526066
0.515025
0.507742
0.501994
0.496476
0.490529
0.480835
0.467076
0.453766
0.442848
0.436403
0.435876
0.440312
0.449690
0.463447
0.482232
0.501901
0.521475
0.537447
0.552254
0.565810
0.578621
0.590187
0.600130
0.608284
0.616101
0.622521
0.628102
0.630329
0.632309
0.630926
0.626180
0.619519
0.612925
0.607712
0.602252
0.598498
0.597960
0.599233
0.596755
0.589956
0.579110
0.569582
0.555852
0.539730
0.523961
0.511949
0.502622
0.497466
0.494296
0.491448
0.489236
0.484033
0.477484
0.472663
0.469178
0.466514
0.463817
0.466301
0.469580
0.474726
0.480585
0.484637
0.488035
0.491161
0.493117
0.492124
0.491427
0.493826
0.500588
0.507887
0.513232
0.519401
0.523811
0.527733
0.525256
0.518948
0.506330
0.494237
0.481324
0.467525
0.454883
0.444923
0.437112
0.435387
0.432933
0.429743
0.422980
0.418640
0.415206
0.411531
0.407870
0.402697
0.398503
0.396007
0.396668
0.394747
0.389541
0.380789
0.370027
0.359161
0.348623
0.338375
0.327872
0.319626
0.312757
0.309072
0.302817
0.293994
0.285494
0.280838
0.281099
0.285114
0.288913
0.298703
0.313967
0.333692
0.353329
0.370436
0.383077
0.392323
0.398703
0.402961
0.408233
0.409406
0.410785
0.411840
0.414963
0.420367
0.424655
0.428673
0.430247
0.431707
0.433251
0.435182
0.436102
0.436181
0.436911
0.434902
0.429970
0.420840
0.408945
0.392603
0.372664
0.351789
0.327728
0.303851
0.284272
0.269344
0.260861
0.256212
0.254229
0.250917
0.250798
0.249932
0.245532
0.238986
0.230320
0.223299
0.216392
0.210719
0.205333
0.200703
0.197342
0.195077
0.193618
0.192094
0.195472
0.200395
0.209309
0.219925
0.233743
0.249571
0.265568
0.279723
0.292727
0.301798
0.306695
0.306787
0.305174
0.301567
0.299821
0.298129
0.297688
0.301055
0.305079
0.311002
0.318122
0.326257
0.334336
0.341255
0.347091
0.350890
0.352551
0.353063
0.351041
0.345594
0.338001
0.326053
0.312213
0.297166
0.282736
0.268704
0.261233
0.258883
0.263030
0.274998
0.290747
0.306844
0.322794
0.334140
0.341339
0.343519
0.342936
0.339848
0.336529
0.333478
0.330532
0.328480
0.327626
0.330332
0.336007
0.342798
0.353226
0.368672
0.388664
0.412847
0.440015
0.467581
0.496263
0.523587
0.549993
0.572070
0.587598
0.596164
0.596970
0.593698
0.589022
0.582832
0.577466
0.576644
0.579264
0.583639
0.593006
0.602517
0.610347
0.616614
0.620541
0.622111
0.620137
0.619141
0.618022
0.614022
0.606594
0.593978
0.581610
0.570702
0.561148
0.547191
0.530794
0.513874
0.497682
0.482716
0.466607
0.451018
0.436173
0.425875
0.419046
0.414429
0.409106
0.403413
0.398480
0.392353
0.385701
0.379207
0.373374
0.370537
0.369024
0.369736
0.366754
0.363195
0.359161
0.356775
0.355929
0.350558
0.344941
0.338384
0.336841
0.337547
0.336828
0.337927
0.341570
0.347676
0.354760
0.360363
0.361819
0.361210
0.358695
0.352933
0.347561
0.342517
0.337624
0.335439
0.336108
0.340859
0.347991
0.356949
0.365183
0.376752
0.389929
0.404725
0.417564
0.429360
0.444148
0.459103
0.471895
0.480995
0.487892
0.494140
0.495348
0.493647
0.490526
0.487745
0.488571
0.490110
0.492182
0.496895
0.505156
0.513055
0.520818
0.524517
0.524395
0.520647
0.513302
0.505547
0.499405
0.495687
0.489788
0.483124
0.476066
0.471297
0.464697
0.454342
0.436699
0.420309
0.405771
0.395398
0.387481
0.385477
0.387802
0.390899
0.397417
0.404090
0.411516
0.418201
0.422618
0.424020
0.425341
0.426287
0.427099
0.428618
0.433267
0.437241
0.440514
0.440422
0.437165
0.432148
0.426722
0.419963
0.411447
0.404952
0.400361
0.399576
0.398183
0.395747
0.389748
0.382491
0.370303
0.354639
0.341005
0.328686
0.320203
0.315184
0.312016
0.309889
0.311191
0.312983
0.313032
0.313446
0.313922
0.310605
0.308129
0.303405
0.298593
0.293379
0.288255
0.281024
0.273600
0.270034
0.270245
0.271424
0.272667
0.275387
0.279187
0.284378
0.288564
0.293082
0.300377
0.311634
0.323413
0.335027
0.346996
0.358069
0.370219
0.380371
0.391304
0.404617
0.417803
0.431722
0.450137
0.470056
0.492472
0.514525
0.536024
0.556290
0.578130
0.598234
0.614695
0.629320
0.641694
0.650225
0.654816
0.657817
0.661579
0.669471
0.677180
0.683602
0.688003
0.692722
0.697631
0.701574
0.702122
0.699693
0.695381
0.688305
0.681114
0.673419
0.661883
0.646478
0.628922
0.611496
0.596599
0.581470
0.570730
0.564832
0.564091
0.565707
0.569512
0.572599
0.577903
0.584871
0.591155
0.592943
0.590458
0.585268
0.576302
0.565063
0.550579
0.531843
0.514844
0.505354
0.500549
0.502882
0.511747
0.521633
0.534236
0.550261
0.566791
0.583076
0.597240
0.606261
0.614651
0.623699
0.627402
0.625781
0.619167
0.608121
0.601471
0.599521
0.599403
0.600666
0.604637
0.611436
0.622779
0.635689
0.645451
0.651970
0.656917
0.658259
0.654036
0.646148
0.632315
0.616605
0.602989
0.592012
0.583724
0.579724
0.579967
0.582588
0.589244
0.595424
0.594512
0.591028
0.586980
0.582220
0.575498
0.565096
0.548087
0.529573
0.511898
0.493739
0.475503
0.456232
0.438876
0.425347
0.415639
0.408336
0.400905
0.395043
0.391249
0.390007
0.385949
0.377636
0.366601
0.352533
0.335037
0.312807
0.286384
0.258630
0.232949
0.210722
0.192717
0.178042
0.167893
0.162279
0.159288
0.160002
0.162386
0.166813
0.174784
0.185489
0.198398
0.210314
0.222440
0.234814
0.248313
0.262478
0.275818
0.284414
0.293082
0.300918
