# Fatigue Labels (0=alert, 1=fatigued)
0.083283
0.127289
0.169343
0.198017
0.219115
0.224494
0.216977
0.204434
0.192275
0.180667
0.173595
0.169238
0.165072
0.161199
0.156980
0.156557
0.155417
0.152011
0.146972
0.142068
0.137201
0.132047
0.127684
0.123587
0.120013
0.118338
0.118720
0.119731
0.121563
0.125094
0.128999
0.135000
0.141420
0.147684
0.152029
0.156224
0.158564
0.160879
0.162411
0.163494
0.164660
0.165959
0.167673
0.169302
0.171614
0.172677
0.173201
0.173195
0.172964
0.173274
0.173507
0.172951
0.172790
0.176282
0.180406
0.185088
0.191302
0.199263
0.206561
0.213247
0.218209
0.221264
0.224886
0.229148
0.229628
0.231696
0.234056
0.236972
0.240661
0.243788
0.246164
0.247890
0.248574
0.249637
0.251169
0.252737
0.254342
0.255887
0.257953
0.260526
0.264379
0.267236
0.268361
0.269389
0.269761
0.270543
0.271329
0.271126
0.271353
0.271175
0.272176
0.272395
0.274349
0.277740
0.281104
0.283083
0.284471
0.284605
0.284856
0.284854
0.285177
0.286575
0.289934
0.297691
0.306733
0.316546
0.325802
0.331869
0.336128
0.337478
0.334789
0.329282
0.322572
0.315480
0.306778
0.295783
0.286247
0.277239
0.267846
0.260837
0.255548
0.249217
0.245593
0.241713
0.238952
0.240494
0.244370
0.247051
0.250629
0.254444
0.259555
0.261983
0.258451
0.252300
0.248171
0.246039
0.244954
0.242922
0.242230
0.245728
0.249897
0.253894
0.255212
0.255701
0.260585
0.268337
0.277663
0.291084
0.302710
0.314411
0.327020
0.336701
0.342237
0.346789
0.344843
0.341074
0.338934
0.336821
0.334782
0.333395
0.332367
0.332978
0.335670
0.337884
0.337667
0.338435
0.340744
0.343897
0.347597
0.352125
0.356525
0.363843
0.371155
0.375019
0.374980
0.370711
0.363341
0.355244
0.344144
0.330330
0.319611
0.313136
0.309714
0.312406
0.318248
0.328311
0.339468
0.352790
0.366074
0.380120
0.393549
0.404037
0.409975
0.413578
0.416680
0.416003
0.416305
0.416699
0.417181
0.417717
0.417632
0.417528
0.416503
0.416278
0.415353
0.412872
0.412086
0.413872
0.417125
0.420940
0.425629
0.431191
0.437289
0.440624
0.438926
0.435747
0.430493
0.426603
0.421800
0.413948
0.405563
0.401100
0.399395
0.399657
0.405850
0.408229
0.411971
0.415839
0.422375
0.432194
0.445756
0.458380
0.472600
0.489101
0.509056
0.530499
0.551197
0.572105
0.591957
0.611692
0.628618
0.642906
0.658120
0.672280
0.686586
0.700497
0.712543
0.724802
0.741024
0.756650
0.767212
0.776670
0.780499
0.778806
0.775437
0.767133
0.757380
0.746785
0.734350
0.719551
0.707317
0.693737
0.680698
0.665452
0.648013
0.629046
0.609216
0.586985
0.564666
0.542539
0.519551
0.494663
0.471189
0.448112
0.425842
0.405253
0.385478
0.365055
0.347460
0.337256
0.328839
0.324875
0.326930
0.334350
0.346620
0.363991
0.379287
0.391314
0.402353
0.410699
0.415030
0.416219
0.415507
0.415357
0.418198
0.422531
0.429110
0.437662
0.448560
0.458621
0.466239
0.472149
0.478852
0.484682
0.487495
0.485388
0.482866
0.482075
0.478058
0.472627
0.464733
0.454060
0.442312
0.428933
0.411644
0.394616
0.379590
0.364184
0.350413
0.340125
0.332576
0.328361
0.324601
0.320481
0.316718
0.312898
0.309277
0.303825
0.300057
0.298488
0.299460
0.299957
0.302157
0.305815
0.311397
0.319713
0.326495
0.331313
0.335978
0.341928
0.346886
0.352619
0.360403
0.368949
0.378326
0.390051
0.404824
0.421689
0.436970
0.449124
0.457371
0.465004
0.471985
0.477571
0.480756
0.481584
0.482299
0.481923
0.483339
0.484932
0.483054
0.478597
0.472731
0.468075
0.461211
0.453976
0.448521
0.444497
0.440961
0.438132
0.434238
0.428084
0.421773
0.415955
0.408380
0.397416
0.386036
0.376298
0.370985
0.368450
0.364510
0.358844
0.353008
0.350491
0.347066
0.343426
0.341911
0.340967
0.341147
0.344436
0.348212
0.350694
0.353010
0.354856
0.355389
0.356127
0.356730
0.358094
0.360049
0.361250
0.361840
0.360371
0.356797
0.351430
0.346044
0.337187
0.327585
0.316887
0.306890
0.299039
0.292667
0.287730
0.282220
0.277844
0.273580
0.266560
0.257209
0.245167
0.232693
0.222630
0.216290
0.211526
0.207566
0.206775
0.208468
0.211944
0.214626
0.216071
0.216986
0.218323
0.221678
0.224920
0.228556
0.232768
0.239643
0.248724
0.257482
0.267001
0.276521
0.285512
0.293999
0.301432
0.307718
0.313544
0.318999
0.325797
0.332745
0.340360
0.345048
0.346997
0.348037
0.349074
0.351079
0.351801
0.351939
0.352190
0.354454
0.358800
0.364203
0.370169
0.377667
0.386862
0.396939
0.405938
0.412289
0.416666
0.418918
0.419601
0.418867
0.414941
0.412761
0.410764
0.409418
0.410534
0.411491
0.414523
0.419750
0.424893
0.430229
0.436245
0.442692
0.447064
0.448177
0.445820
0.442507
0.438930
0.434260
0.429412
0.422971
0.415975
0.407661
0.398422
0.389067
0.380180
0.373597
0.368249
0.364415
0.362343
0.366722
0.373524
0.384125
0.396195
0.407755
0.419607
0.429379
0.435709
0.440705
0.445846
0.450776
0.453175
0.455421
0.459793
0.466501
0.473333
0.478340
0.480368
0.479851
0.483065
0.489800
0.498556
0.507067
0.515824
0.525397
0.534782
0.541294
0.543673
0.541839
0.537250
0.532476
0.526120
0.520059
0.517532
0.517495
0.518755
0.524872
0.533905
0.543135
0.550611
0.557170
0.561693
0.564295
0.564943
0.563353
0.560104
0.560349
0.562199
0.559594
0.553973
0.545971
0.537807
0.529017
0.518966
0.506134
0.496352
0.489759
0.487203
0.484156
0.478570
0.472117
0.463830
0.451219
0.435991
0.419999
0.402080
0.386494
0.372302
0.358952
0.348730
0.341244
0.336007
0.332175
0.327500
0.323368
0.318767
0.315509
0.313207
0.310559
0.308469
0.306989
0.306337
0.307260
0.312321
0.318023
0.323903
0.329121
0.335520
0.341841
0.346678
0.349484
0.353626
0.356457
0.360181
0.362307
0.360087
0.357910
0.359978
0.365136
0.368711
0.371506
0.375700
0.384919
0.398940
0.413053
0.424798
0.435918
0.447559
0.459407
0.470364
0.479133
0.486683
0.492641
0.496803
0.500434
0.508340
0.517959
0.529906
0.543999
0.556723
0.565626
0.575725
0.583361
0.590722
0.599572
0.605246
0.606863
0.606075
0.608779
0.613409
0.616190
0.614955
0.609697
0.606194
0.606710
0.610786
0.612698
0.614071
0.614508
0.617608
0.621360
0.626248
0.628683
0.631884
0.635122
0.636087
0.633236
0.627784
0.622057
0.617988
0.612065
0.605194
0.595309
0.586034
0.579144
0.572943
0.565722
0.556489
0.545857
0.535435
0.528503
0.522208
0.513692
0.502657
0.488170
0.475174
0.462638
0.452321
0.441341
0.430652
0.419598
0.410483
0.401871
0.389124
0.375528
0.362574
0.351608
0.346520
0.342385
0.341505
0.346453
0.358517
0.373334
0.387364
0.398384
0.408045
0.418094
0.424225
0.427724
0.427740
0.425728
0.426390
0.430013
0.435998
0.446028
0.459897
0.474069
0.488300
0.501871
0.511149
0.517951
0.521374
0.523095
0.522164
0.523857
0.525902
0.527821
0.529855
0.531008
0.528584
0.523902
0.514834
0.505521
0.498448
0.492313
0.486332
0.484817
0.484661
0.485122
0.488011
0.486891
0.483127
0.477322
0.469483
0.461071
0.453002
0.445958
0.441100
0.442372
0.449871
0.458761
0.466053
0.473774
0.481491
0.489740
0.496420
0.503045
0.507379
0.513728
0.518922
0.524066
0.525887
0.526197
0.524953
0.520971
0.516412
0.514567
0.515183
0.520239
0.529647
0.537628
0.546282
0.556845
0.565075
0.572175
0.576703
0.575680
0.570679
0.564344
0.559144
0.557590
0.558824
0.557503
0.552968
0.548791
0.546493
0.546220
0.544587
0.542402
0.539582
0.544047
0.554533
0.570031
0.586578
0.601313
0.615234
0.631904
0.642806
0.647248
0.649284
0.647666
0.643406
0.636972
0.628517
0.620248
0.618824
0.621437
0.623056
0.626730
0.632729
0.638645
0.644258
0.649101
0.649880
0.647323
0.641517
0.631893
0.619195
0.606948
0.591039
0.571644
0.550764
0.531351
0.513863
0.496414
0.475213
0.456367
0.441605
0.431751
0.424757
0.416194
0.408708
0.403961
0.401645
0.397461
0.390191
0.381457
0.370299
0.357753
0.344723
0.334405
0.328998
0.327614
0.328336
0.332502
0.340000
0.350661
0.360630
0.369706
0.376185
0.381114
0.385934
0.390191
0.394214
0.399457
0.403898
0.406520
0.407534
0.409718
0.412495
0.415872
0.419820
0.423309
0.426035
0.427499
0.429741
0.429920
0.427700
0.425180
0.419117
0.408953
0.396360
0.383105
0.368882
0.355776
0.342935
0.331330
0.320270
0.312414
0.305927
0.300363
0.296053
0.292282
0.288785
0.286436
0.287678
0.290147
0.292568
0.295481
0.297444
0.298366
0.300086
0.300395
0.300239
0.299459
0.299856
0.301237
0.303696
0.307020
0.311483
0.316782
0.324568
0.333587
0.342186
0.350053
0.358478
0.367423
