# Fatigue Labels (0=alert, 1=fatigued)
0.160367
0.158367
0.174123
0.206650
0.254085
0.324586
0.400815
0.468862
0.526671
0.572309
0.611148
0.642223
0.668327
0.690563
0.709732
0.738685
0.767561
0.796798
0.824566
0.852125
0.876828
0.901230
0.922938
0.941223
0.955648
0.965924
0.973369
0.978332
0.983087
0.984459
0.985830
0.987201
0.988572
0.989944
0.991315
0.991315
0.992401
0.993486
0.994572
0.995657
0.996743
0.997829
0.997144
0.992355
0.982764
0.969372
0.952571
0.932058
0.907629
0.879776
0.851876
0.824014
0.796646
0.768648
0.740652
0.712755
0.684703
0.656174
0.627606
0.598583
0.569314
0.540825
0.512583
0.483766
0.454797
0.425853
0.396971
0.369018
0.340311
0.310229
0.280415
0.252487
0.229359
0.209924
0.193999
0.181175
0.172652
0.168716
0.167740
0.166738
0.165007
0.163320
0.162209
0.161309
0.159796
0.158401
0.158216
0.158310
0.158894
0.158919
0.157784
0.155680
0.154586
0.152938
0.150830
0.148948
0.146291
0.145042
0.145507
0.147956
0.154380
0.164178
0.177810
0.195698
0.216767
0.241579
0.269355
0.297671
0.326060
0.354091
0.381586
0.409648
0.437495
0.465858
0.494256
0.521924
0.549349
0.577789
0.607032
0.636656
0.667003
0.696914
0.727531
0.758582
0.785026
0.807901
0.826749
0.845257
0.861514
0.873680
0.881777
0.888133
0.894801
0.901957
0.906180
0.906770
0.907283
0.907796
0.909357
0.910918
0.911966
0.913013
0.914061
0.915109
0.916156
0.917204
0.917204
0.917204
0.917204
0.917204
0.917204
0.917204
0.917204
0.921525
0.929260
0.940368
0.951476
0.962584
0.973692
0.984800
0.993838
0.998600
1.000000
1.000000
1.000000
1.000000
1.000000
1.000000
1.000000
1.000000
1.000000
1.000000
1.000000
1.000000
1.000000
1.000000
1.000000
1.000000
1.000000
1.000000
1.000000
1.000000
1.000000
1.000000
1.000000
1.000000
1.000000
1.000000
1.000000
1.000000
1.000000
1.000000
0.997490
0.993429
0.989369
0.985309
0.981248
0.977188
0.973128
0.969915
0.969914
0.969914
0.969914
0.969914
0.969914
0.969914
0.969914
0.969914
0.969914
0.969914
0.969914
0.969914
0.969914
0.969914
0.969914
0.969286
0.968657
0.968028
0.967399
0.966771
0.966142
0.967605
0.970617
0.974259
0.977900
0.981541
0.985183
0.988824
0.992037
0.992037
0.992037
0.992037
0.992037
0.992037
0.992037
0.992037
0.992037
0.992037
0.992037
0.992037
0.992037
0.992037
0.992037
0.992037
0.992666
0.993295
0.993924
0.994552
0.995181
0.995810
0.996857
0.997905
0.998324
0.998743
0.999162
0.999581
1.000000
1.000000
1.000000
1.000000
1.000000
1.000000
1.000000
1.000000
1.000000
1.000000
1.000000
1.000000
1.000000
1.000000
1.000000
1.000000
1.000000
1.000000
1.000000
1.000000
1.000000
1.000000
1.000000
1.000000
1.000000
1.000000
1.000000
1.000000
1.000000
1.000000
1.000000
1.000000
1.000000
1.000000
1.000000
1.000000
1.000000
1.000000
1.000000
1.000000
1.000000
1.000000
1.000000
1.000000
1.000000
1.000000
1.000000
1.000000
1.000000
0.999620
0.999239
0.998859
0.998478
0.998098
0.997717
0.997337
0.996956
0.996956
0.996956
0.996594
0.996232
0.995870
0.995508
0.995146
0.994784
0.994422
0.994060
0.994060
0.994060
0.994060
0.994060
0.994060
0.994060
0.994060
0.994060
0.994060
0.994060
0.994060
0.994440
0.994821
0.995201
0.995582
0.995962
0.996343
0.996723
0.997103
0.997103
0.997103
0.997466
0.997828
0.998190
0.998552
0.998914
0.999276
0.999638
1.000000
1.000000
1.000000
1.000000
0.999220
0.995180
0.987352
0.976126
0.960965
0.941891
0.919167
0.893002
0.865478
0.837934
0.810824
0.783314
0.755879
0.728641
0.700918
0.673283
0.645650
0.617213
0.588297
0.559243
0.530068
0.500651
0.471633
0.442545
0.413628
0.385225
0.356684
0.328367
0.300137
0.272972
0.248990
0.229309
0.212689
0.200080
0.191706
0.186328
0.185690
0.186166
0.185316
0.184052
0.182712
0.181030
0.179083
0.177131
0.175147
0.173752
0.172583
0.172407
0.172717
0.173024
0.173576
0.172544
0.171874
0.171210
0.170456
0.169857
0.168613
0.168199
0.168471
0.168839
0.168196
0.167214
0.165910
0.164210
0.162415
0.158842
0.154812
0.152360
0.150083
0.148837
0.147340
0.146485
0.146922
0.147246
0.147374
0.147195
0.146752
0.146167
0.146623
0.146118
0.146432
0.147358
0.148461
0.149145
0.150136
0.150803
0.150492
0.149493
0.147969
0.146733
0.145926
0.145879
0.145677
0.146223
0.146960
0.149479
0.151954
0.154389
0.155541
0.156887
0.157945
0.158890
0.159338
0.158703
0.158463
0.158493
0.158988
0.159022
0.160099
0.161214
0.161198
0.160353
0.160311
0.159513
0.159731
0.160456
0.161364
0.162203
0.163744
0.165337
0.165883
0.165724
0.165150
0.164725
0.163779
0.163045
0.161889
0.164779
0.172563
0.184039
0.197935
0.215690
0.238221
0.264894
0.293887
0.322207
0.350071
0.378364
0.406986
0.435832
0.465156
0.493670
0.522618
0.551294
0.579524
0.607289
0.635627
0.663474
0.691515
0.720090
0.749601
0.779525
0.809589
0.839093
0.868199
0.897572
0.923625
0.945109
0.962616
0.977013
0.988105
0.995109
0.998459
0.998972
0.999486
1.000000
1.000000
1.000000
1.000000
1.000000
1.000000
1.000000
1.000000
1.000000
1.000000
1.000000
1.000000
1.000000
1.000000
1.000000
1.000000
1.000000
1.000000
1.000000
1.000000
1.000000
1.000000
1.000000
1.000000
1.000000
1.000000
1.000000
1.000000
1.000000
1.000000
1.000000
1.000000
1.000000
1.000000
1.000000
1.000000
1.000000
1.000000
1.000000
1.000000
1.000000
1.000000
1.000000
1.000000
1.000000
1.000000
1.000000
1.000000
1.000000
1.000000
1.000000
1.000000
1.000000
1.000000
1.000000
1.000000
1.000000
1.000000
1.000000
1.000000
1.000000
1.000000
1.000000
1.000000
1.000000
1.000000
1.000000
1.000000
1.000000
1.000000
1.000000
1.000000
1.000000
1.000000
1.000000
1.000000
1.000000
1.000000
1.000000
1.000000
1.000000
1.000000
1.000000
1.000000
1.000000
1.000000
1.000000
1.000000
1.000000
1.000000
1.000000
1.000000
1.000000
1.000000
1.000000
1.000000
1.000000
1.000000
1.000000
1.000000
1.000000
1.000000
1.000000
0.997735
0.991595
0.981649
0.967519
0.949743
0.927587
0.901530
0.872367
0.842701
0.813818
0.785105
0.756426
0.727725
0.699259
0.670394
0.641734
0.612519
0.582435
0.552118
0.522394
0.492937
0.463409
0.433804
0.404749
0.376126
0.347514
0.318989
0.289397
0.260037
0.233021
0.209092
0.188789
0.172960
0.161026
0.153161
0.149517
0.148734
0.148473
0.148472
0.149292
0.149809
0.150526
0.150602
0.150845
0.151089
0.150960
0.150491
0.149699
0.148011
0.146433
0.145599
0.144845
0.143560
0.141924
0.140245
0.139110
0.139699
0.139918
0.141062
0.144188
0.147454
0.150642
0.153824
0.156278
0.157956
0.158837
0.159225
0.158001
0.155825
0.154375
0.152310
0.150863
0.149725
0.148305
0.147375
0.147481
0.147816
0.148567
0.149422
0.149805
0.150734
0.151473
0.152095
0.153401
0.153880
0.153217
0.152195
0.149767
0.145741
0.141946
0.138209
0.134717
0.131809
0.129583
0.128694
0.128634
0.129110
0.129057
0.128696
0.128843
0.128966
0.128587
0.127789
0.127717
0.128492
0.130932
0.133009
0.134614
0.137018
0.139767
0.142836
0.146183
0.147882
0.149405
0.151485
0.153918
0.156363
0.159120
0.161925
0.163720
0.165002
0.166846
0.167776
0.168095
0.167411
0.166565
0.166543
0.167146
0.167180
0.167049
0.168621
0.171028
0.173772
0.175187
0.174572
0.173174
0.172132
0.170029
0.165902
0.161398
0.156252
0.152091
0.148531
0.144890
0.141674
0.139747
0.138428
0.137101
0.136986
0.137075
0.137397
0.137861
0.138105
0.138697
0.140230
0.141551
0.142758
0.145234
0.148454
0.151025
0.152907
0.153657
0.154337
0.155410
0.156955
0.157125
0.156282
0.157027
0.157777
0.158703
0.159841
0.160632
0.160890
0.162040
0.162861
0.163072
0.164532
0.165561
0.166172
0.166980
0.171324
0.179401
0.191141
0.205840
0.223767
0.242870
0.265144
0.289003
0.312233
0.336536
0.361345
0.386880
0.414759
0.443194
0.471441
0.500763
0.529626
0.558713
0.588022
0.617133
0.646361
0.676130
0.705926
0.735153
0.764473
0.792313
0.820113
0.848148
0.875651
0.900161
0.921475
0.939426
0.953672
0.964569
0.973628
0.978747
0.981513
0.984279
0.986321
0.988363
0.990405
0.990405
0.990405
0.991604
0.992803
0.994003
0.995202
0.996402
0.997601
0.998801
1.000000
1.000000
1.000000
1.000000
1.000000
1.000000
1.000000
1.000000
1.000000
1.000000
1.000000
1.000000
1.000000
1.000000
0.998543
0.992977
0.983948
0.970527
0.953395
0.932855
0.908749
0.881514
0.853778
0.825563
0.797378
0.769043
0.739821
0.709905
0.678883
0.648133
0.617239
0.587399
