# Fatigue Labels (0=alert, 1=fatigued)
0.492733
0.496994
0.506947
0.517729
0.515076
0.512898
0.510540
0.508116
0.500002
0.482072
0.467902
0.457312
0.455339
0.459426
0.464226
0.466199
0.467591
0.468764
0.470833
0.473129
0.473613
0.473888
0.473067
0.473114
0.473742
0.474705
0.475453
0.475599
0.477331
0.479026
0.483663
0.488795
0.495507
0.504734
0.513693
0.522957
0.531992
0.539519
0.543339
0.546368
0.546289
0.545218
0.543080
0.538522
0.532785
0.526860
0.522372
0.516530
0.510195
0.504393
0.501752
0.502179
0.501920
0.502651
0.502617
0.501643
0.501289
0.499707
0.496408
0.492439
0.489261
0.485911
0.483616
0.481120
0.478623
0.477614
0.475618
0.474799
0.472411
0.470567
0.470357
0.470280
0.472317
0.477153
0.483528
0.490033
0.496645
0.502792
0.508566
0.512388
0.514287
0.516344
0.515877
0.515837
0.517559
0.520955
0.525142
0.528043
0.529964
0.533229
0.536682
0.538867
0.539647
0.538979
0.538303
0.539783
0.541793
0.543974
0.546246
0.546480
0.546184
0.544911
0.541374
0.538014
0.533290
0.529816
0.527547
0.526016
0.525236
0.526587
0.528414
0.529857
0.531773
0.532163
0.532021
0.532353
0.534856
0.536278
0.535307
0.535084
0.536084
0.539031
0.543324
0.547726
0.553133
0.561235
0.572276
0.583629
0.596241
0.609430
0.621561
0.632320
0.639497
0.644863
0.648080
0.650340
0.653102
0.656447
0.661291
0.668106
0.676341
0.684211
0.691337
0.696592
0.699900
0.703117
0.707755
0.714703
0.723671
0.732885
0.739743
0.747818
0.754367
0.759325
0.761471
0.762057
0.763461
0.766399
0.771136
0.775486
0.778413
0.782582
0.788408
0.795152
0.801647
0.807421
0.814349
0.820824
0.827863
0.834574
0.840886
0.848687
0.858225
0.868340
0.878241
0.888143
0.897075
0.903313
0.908413
0.914549
0.918878
0.923588
0.926678
0.927519
0.928360
0.928380
0.926770
0.923969
0.923410
0.926289
0.933064
0.940592
0.948120
0.955648
0.963176
0.968639
0.971021
0.971021
0.971021
0.971021
0.971021
0.971021
0.971021
0.971021
0.971021
0.971021
0.971021
0.971021
0.971021
0.971021
0.971021
0.972640
0.976509
0.980378
0.984247
0.988116
0.991985
0.995854
0.999247
1.000000
0.999537
0.994874
0.987213
0.976144
0.962639
0.947879
0.932569
0.916364
0.901397
0.887862
0.875167
0.863005
0.851328
0.838136
0.822461
0.805740
0.790391
0.777406
0.765420
0.755187
0.747106
0.741998
0.739585
0.738288
0.736991
0.736477
0.735963
0.735449
0.734936
0.734885
0.739034
0.742933
0.749214
0.756625
0.765290
0.774505
0.783537
0.789933
0.795487
0.802284
0.805888
0.807451
0.807568
0.810018
0.815115
0.819540
0.822247
0.826288
0.831224
0.835593
0.836582
0.833593
0.828909
0.823868
0.814895
0.803180
0.791464
0.781999
0.774127
0.766655
0.764070
0.764285
0.769186
0.775110
0.781034
0.788207
0.796778
0.804759
0.810657
0.819215
0.829329
0.842404
0.855629
0.867253
0.878177
0.888455
0.896401
0.901697
0.905409
0.909375
0.914626
0.920454
0.926640
0.935974
0.948051
0.960128
0.969671
0.975601
0.978003
0.976289
0.969862
0.957220
0.942653
0.928087
0.914776
0.904010
0.896016
0.890584
0.888448
0.888448
0.888448
0.888448
0.888008
0.887568
0.887128
0.886687
0.886247
0.885807
0.885519
0.885671
0.885824
0.885976
0.886128
0.886280
0.886433
0.886868
0.889325
0.894909
0.902970
0.913969
0.927806
0.941476
0.955146
0.967390
0.977090
0.984017
0.988383
0.989452
0.988961
0.988961
0.988961
0.989402
0.989842
0.990282
0.989751
0.986464
0.979968
0.969899
0.957106
0.942477
0.925420
0.906504
0.887393
0.869049
0.852098
0.836509
0.822914
0.811062
0.801279
0.793355
0.788094
0.782054
0.774232
0.766154
0.758248
0.750551
0.743120
0.735142
0.729233
0.726705
0.726705
0.726705
0.726705
0.727677
0.731403
0.738340
0.748849
0.761643
0.776271
0.793328
0.812244
0.831355
0.849699
0.865261
0.876434
0.883397
0.886713
0.886201
0.881530
0.872907
0.863500
0.855128
0.846160
0.836377
0.824383
0.812365
0.800173
0.783949
0.762550
0.739060
0.716503
0.695072
0.674526
0.653220
0.632732
0.614822
0.598376
0.583290
0.569319
0.555579
0.541444
0.527085
0.512649
0.500422
0.489176
0.477233
0.467106
0.459365
0.454624
0.451175
0.447908
0.445201
0.443419
0.444575
0.445208
0.447141
0.451480
0.456967
0.463406
0.468905
0.473867
0.478491
0.482928
0.487078
0.490322
0.492743
0.493049
0.491730
0.489622
0.487829
0.484245
0.480263
0.475998
0.472601
0.471761
0.471168
0.471361
0.472028
0.472974
0.474364
0.476232
0.479703
0.482928
0.485851
0.487533
0.487395
0.488670
0.487092
0.485163
0.483087
0.480039
0.478107
0.475929
0.470734
0.465714
0.462922
0.460544
0.457624
0.455070
0.454507
0.457472
0.462527
0.467751
0.474080
0.480940
0.486729
0.490870
0.494481
0.496469
0.499352
0.499989
0.499210
0.499813
0.501453
0.504203
0.508429
0.513756
0.518602
0.523597
0.528576
0.533484
0.538242
0.544486
0.548529
0.550407
0.552602
0.556620
0.560249
0.563366
0.564828
0.566070
0.568746
0.570205
0.569122
0.567324
0.567283
0.566229
0.565406
0.562009
0.559406
0.558539
0.557752
0.557261
0.557847
0.559673
0.564803
0.573570
0.583345
0.596028
0.609598
0.623356
0.636973
0.651976
0.667668
0.683143
0.697891
0.712745
0.728133
0.743514
0.758126
0.771501
0.785030
0.800270
0.816422
0.830127
0.843172
0.856261
0.870449
0.882725
0.893497
0.902437
0.910129
0.918316
0.922827
0.921757
0.917147
0.908474
0.895480
0.879513
0.860120
0.840222
0.820898
0.803006
0.786374
0.771045
0.756364
0.742501
0.730625
0.718203
0.704773
0.690770
0.676389
0.662194
0.649920
0.637429
0.625567
0.615229
0.605549
0.596428
0.585652
0.571832
0.555160
0.537057
0.520263
0.505318
0.493464
0.483301
0.477216
0.477186
0.480336
0.483094
0.483178
0.480844
0.476390
0.472843
0.468170
0.460803
0.453748
0.448621
0.446115
0.443366
0.441033
0.438045
0.436876
0.437055
0.436100
0.436197
0.437239
0.442225
0.449968
0.459059
0.469046
0.480461
0.489660
0.498517
0.506874
0.512962
0.515511
0.514570
0.513766
0.514505
0.516073
0.517510
0.517743
0.517915
0.520210
0.523799
0.527282
0.529451
0.532583
0.534326
0.535270
0.535146
0.533624
0.533052
0.531145
0.529351
0.527907
0.529656
0.534374
0.540778
0.547018
0.554047
0.561366
0.568189
0.572062
0.574359
0.576205
0.576866
0.577268
0.579185
0.581267
0.584869
0.590184
0.595798
0.602187
0.607997
0.612455
0.616814
0.621617
0.626966
0.633344
0.639118
0.640835
0.642325
0.642751
0.641620
0.638637
0.633702
0.629624
0.627679
0.630026
0.634208
0.640649
0.651883
0.663471
0.673696
0.681820
0.686829
0.686947
0.684860
0.679906
0.673202
0.667867
0.661409
0.654057
0.648910
0.643766
0.639979
0.635557
0.630164
0.623524
0.619855
0.620288
0.623402
0.628387
0.634174
0.641003
0.648517
0.657265
0.663620
0.667563
0.670405
0.671586
0.674575
0.680194
0.688779
0.700436
0.715799
0.734149
0.753497
0.773251
0.789918
0.805875
0.822493
0.837521
0.852305
0.866073
0.880685
0.896896
0.915853
0.934948
0.951271
0.964856
0.976438
0.986166
0.993541
0.998421
1.000000
1.000000
1.000000
1.000000
1.000000
1.000000
1.000000
1.000000
1.000000
1.000000
1.000000
1.000000
1.000000
1.000000
1.000000
1.000000
1.000000
1.000000
1.000000
1.000000
1.000000
1.000000
1.000000
1.000000
1.000000
1.000000
1.000000
1.000000
1.000000
1.000000
1.000000
1.000000
1.000000
1.000000
1.000000
1.000000
1.000000
1.000000
1.000000
1.000000
1.000000
1.000000
1.000000
1.000000
1.000000
1.000000
1.000000
1.000000
1.000000
1.000000
1.000000
1.000000
1.000000
1.000000
1.000000
1.000000
1.000000
1.000000
1.000000
1.000000
1.000000
1.000000
1.000000
1.000000
1.000000
1.000000
1.000000
1.000000
1.000000
1.000000
1.000000
1.000000
1.000000
1.000000
1.000000
1.000000
1.000000
1.000000
1.000000
1.000000
1.000000
1.000000
1.000000
1.000000
1.000000
1.000000
1.000000
1.000000
1.000000
1.000000
1.000000
1.000000
1.000000
1.000000
1.000000
1.000000
1.000000
1.000000
1.000000
1.000000
1.000000
1.000000
1.000000
1.000000
1.000000
1.000000
1.000000
1.000000
1.000000
1.000000
1.000000
1.000000
1.000000
1.000000
1.000000
1.000000
1.000000
1.000000
1.000000
1.000000
1.000000
1.000000
1.000000
1.000000
1.000000
1.000000
1.000000
1.000000
1.000000
1.000000
1.000000
1.000000
1.000000
1.000000
1.000000
1.000000
1.000000
1.000000
1.000000
1.000000
1.000000
1.000000
1.000000
1.000000
1.000000
1.000000
1.000000
1.000000
1.000000
1.000000
1.000000
1.000000
1.000000
1.000000
1.000000
1.000000
1.000000
