# Fatigue Labels (0=alert, 1=fatigued)
0.189550
0.218950
0.235207
0.254012
0.272654
0.280047
0.284129
0.285739
0.283043
0.278975
0.270340
0.260672
0.252535
0.250129
0.248463
0.250638
0.252739
0.253399
0.253287
0.252747
0.252207
0.249663
0.246122
0.241248
0.236748
0.233268
0.229706
0.226207
0.224022
0.224171
0.226778
0.230530
0.233964
0.238266
0.243414
0.249586
0.255392
0.262292
0.267632
0.272302
0.275990
0.280228
0.285539
0.289342
0.293265
0.297547
0.303386
0.310702
0.317014
0.321841
0.327126
0.333823
0.341167
0.346832
0.354757
0.363122
0.373722
0.384779
0.396569
0.407439
0.418851
0.431936
0.447867
0.463935
0.481528
0.499692
0.515390
0.533137
0.552243
0.570341
0.585676
0.597626
0.607463
0.614825
0.620218
0.621521
0.619594
0.615726
0.613130
0.610148
0.605862
0.601676
0.598096
0.591882
0.585502
0.576705
0.566945
0.555080
0.543941
0.530883
0.517722
0.501576
0.484453
0.468094
0.454048
0.444644
0.437693
0.432560
0.428045
0.425681
0.425111
0.423982
0.421119
0.415045
0.407190
0.399461
0.393542
0.388365
0.384824
0.385952
0.391601
0.400374
0.411678
0.424652
0.436456
0.446205
0.453448
0.456134
0.456513
0.454854
0.454729
0.456922
0.457054
0.455393
0.450763
0.442797
0.432953
0.421843
0.406576
0.391163
0.382302
0.379662
0.384735
0.397096
0.414911
0.437500
0.463009
0.487772
0.505209
0.514581
0.518230
0.516313
0.508352
0.497615
0.485229
0.475837
0.469703
0.466573
0.465198
0.463061
0.460514
0.458138
0.455045
0.451483
0.448063
0.442906
0.438604
0.437946
0.437840
0.434825
0.430363
0.423651
0.414282
0.401850
0.384847
0.367684
0.352741
0.344244
0.341847
0.345919
0.356838
0.375109
0.396598
0.417379
0.434121
0.447154
0.456373
0.461157
0.461910
0.459624
0.456736
0.453880
0.451659
0.449744
0.448805
0.448725
0.449300
0.450272
0.452443
0.453839
0.453878
0.453149
0.453271
0.453847
0.451679
0.445280
0.435135
0.423425
0.408906
0.390874
0.369746
0.347614
0.329660
0.316076
0.305951
0.299495
0.296051
0.296084
0.298604
0.302080
0.306120
0.313932
0.323771
0.336917
0.352870
0.371906
0.393212
0.415876
0.438456
0.459742
0.481509
0.502594
0.524014
0.545078
0.567067
0.589819
0.612357
0.634794
0.657743
0.680397
0.702048
0.719376
0.732358
0.741783
0.748236
0.751222
0.751468
0.747770
0.742865
0.736530
0.726484
0.713334
0.696698
0.676014
0.651799
0.625794
0.597590
0.570625
0.545472
0.521261
0.497935
0.473756
0.450340
0.427424
0.403803
0.381154
0.357576
0.334274
0.310607
0.289302
0.271249
0.258478
0.252339
0.251683
0.258628
0.269084
0.282767
0.296760
0.310337
0.321536
0.330293
0.338061
0.346240
0.356090
0.365439
0.374476
0.382283
0.391487
0.399019
0.401289
0.403248
0.405851
0.409056
0.413521
0.415195
0.416491
0.420186
0.425906
0.432700
0.439158
0.442682
0.443198
0.442412
0.436769
0.429308
0.420663
0.411744
0.405292
0.404885
0.410069
0.419469
0.432121
0.445705
0.462086
0.481424
0.501002
0.518761
0.537118
0.559852
0.583749
0.605993
0.627096
0.647644
0.669609
0.692843
0.713402
0.732225
0.749918
0.768754
0.788450
0.808222
0.826407
0.845986
0.866637
0.888710
0.911386
0.932721
0.950892
0.966589
0.979048
0.988213
0.994845
0.998740
0.999408
0.999465
0.999465
0.999465
0.999465
0.999465
0.999465
0.999465
0.999465
0.999465
0.999465
0.999465
0.999541
0.999618
0.999694
0.999771
0.999847
0.999924
1.000000
1.000000
1.000000
1.000000
1.000000
1.000000
1.000000
1.000000
1.000000
1.000000
1.000000
1.000000
1.000000
1.000000
1.000000
1.000000
1.000000
1.000000
1.000000
1.000000
1.000000
1.000000
1.000000
1.000000
1.000000
1.000000
1.000000
1.000000
1.000000
1.000000
1.000000
1.000000
1.000000
1.000000
1.000000
1.000000
1.000000
1.000000
0.999791
0.999582
0.999372
0.999163
0.998954
0.998745
0.998536
0.998326
0.998326
0.998326
0.998326
0.998326
0.998326
0.998326
0.998326
0.998326
0.998326
0.998326
0.998326
0.998326
0.998270
0.998213
0.998156
0.998099
0.998042
0.997603
0.996917
0.995583
0.993962
0.992551
0.991139
0.989728
0.988316
0.987534
0.986752
0.986961
0.987170
0.987170
0.985472
0.979478
0.969744
0.956203
0.939179
0.918293
0.893810
0.866368
0.838929
0.811949
0.785577
0.759398
0.733429
0.707398
0.680483
0.656316
0.636118
0.619259
0.606451
0.596560
0.586406
0.577702
0.569471
0.557384
0.541317
0.521156
0.497443
0.474576
0.451838
0.427623
0.407514
0.391845
0.379897
0.371665
0.363949
0.360151
0.360342
0.360752
0.360534
0.359198
0.357540
0.355453
0.353344
0.352599
0.350937
0.347986
0.343224
0.336089
0.327355
0.319436
0.310014
0.298757
0.287743
0.278946
0.273226
0.269298
0.264162
0.258362
0.255286
0.253201
0.251203
0.249605
0.248076
0.249976
0.252249
0.255299
0.260130
0.265910
0.273729
0.285053
0.300095
0.318040
0.336091
0.353295
0.367663
0.380378
0.391875
0.399808
0.406960
0.413060
0.418241
0.425944
0.433871
0.441690
0.448051
0.452953
0.456734
0.461072
0.462377
0.463321
0.463300
0.462856
0.461920
0.459320
0.456575
0.452886
0.452359
0.454240
0.457040
0.459340
0.463079
0.469485
0.475168
0.480122
0.483230
0.483810
0.483899
0.481336
0.479971
0.480945
0.486121
0.494090
0.505441
0.522061
0.543886
0.568567
0.593144
0.619250
0.642079
0.665559
0.689158
0.713168
0.737270
0.759708
0.780881
0.797659
0.808198
0.812102
0.810072
0.801390
0.786972
0.769178
0.752008
0.739863
0.730525
0.722103
0.714936
0.707662
0.700344
0.689526
0.674898
0.655924
0.634613
0.610772
0.586236
0.560485
0.534674
0.511361
0.487736
0.463603
0.440375
0.418596
0.397632
0.377801
0.358710
0.342170
0.328443
0.318475
0.310945
0.305888
0.303132
0.301338
0.297961
0.293939
0.291230
0.289210
0.286463
0.282602
0.279954
0.279608
0.282050
0.285326
0.288431
0.291504
0.297108
0.305156
0.313855
0.321140
0.328472
0.333742
0.337513
0.339866
0.339355
0.338506
0.338547
0.337562
0.335995
0.334621
0.333562
0.333528
0.333875
0.331034
0.330810
0.331262
0.332770
0.335232
0.338909
0.341876
0.345124
0.345982
0.344909
0.343861
0.341532
0.337686
0.332559
0.327510
0.324754
0.322811
0.322236
0.324139
0.328463
0.334717
0.340730
0.346157
0.353686
0.362395
0.373895
0.384289
0.394655
0.404282
0.414786
0.420739
0.424818
0.425685
0.423540
0.420763
0.417293
0.413192
0.413099
0.417636
0.423417
0.431660
0.440882
0.451439
0.463964
0.478952
0.492117
0.501298
0.508838
0.516622
0.527374
0.539786
0.551647
0.562527
0.574476
0.587074
0.600475
0.613694
0.626948
0.641291
0.658124
0.676518
0.695333
0.715184
0.735556
0.756506
0.777432
0.796040
0.808063
0.817466
0.827293
0.832589
0.832077
0.824879
0.810541
0.794491
0.780226
0.763712
0.743446
0.721714
0.699916
0.679780
0.660228
0.638785
0.614600
0.591968
0.570911
0.549682
0.528889
0.508364
0.489507
0.473001
0.460064
0.449606
0.441781
0.436233
0.432154
0.432174
0.432464
0.430270
0.429171
0.428196
0.428599
0.429704
0.432341
0.435418
0.440430
0.446356
0.451686
0.457102
0.459965
0.464579
0.471800
0.481600
0.493244
0.506789
0.522989
0.542044
0.562568
0.581110
0.599976
0.617032
0.629389
0.634969
0.634376
0.628780
0.617764
0.603682
0.586476
0.568429
0.554709
0.543756
0.535972
0.529601
0.525083
0.521187
0.517967
0.515032
0.511325
0.508793
0.505266
0.499619
0.491018
0.478781
0.462479
0.443069
0.420271
0.396502
0.373756
0.350947
0.328026
0.307713
0.291021
0.277658
0.267070
0.258087
0.251662
0.248814
0.250362
0.253868
0.261228
0.272570
0.286429
0.299817
0.313875
0.328033
0.341042
0.350758
0.356922
0.358307
0.357191
0.354906
0.353749
0.352400
0.349681
0.346094
0.341143
0.336371
0.331687
0.325657
0.318132
0.313001
0.312531
0.315713
0.322875
0.332651
0.345501
0.360850
0.377390
0.390843
0.401091
0.410983
0.422741
0.434086
0.447075
0.457017
0.469595
0.484679
0.502678
0.522329
0.542874
0.562589
0.584970
0.610906
0.638286
0.667006
0.695268
0.721884
0.749959
0.778379
0.804890
0.827269
0.846664
0.864143
0.878748
0.887702
0.889484
0.886086
0.879163
0.868849
0.854122
0.834903
0.816351
0.797073
0.781422
0.766103
0.751667
0.736664
0.720028
0.702068
0.682728
0.660158
0.635087
0.608109
0.579116
0.549906
0.522259
0.494572
0.467586
0.442111
0.416599
0.392841
0.371316
0.352541
0.338415
0.330614
0.326084
0.323495
0.324026
0.326326
0.329589
0.331053
0.331736
0.329815
0.327154
0.326073
0.324151
0.323147
0.322707
0.322330
0.322116
0.323655
0.326579
0.329921
0.335421
0.342818
0.352795
0.364685
