# Fatigue Labels (0=alert, 1=fatigued)
0.244950
0.217683
0.210913
0.208586
0.217489
0.227376
0.232495
0.230279
0.223613
0.212907
0.206685
0.205457
0.207861
0.212122
0.213776
0.213832
0.216094
0.218178
0.219554
0.221189
0.224349
0.227044
0.226302
0.225834
0.223218
0.219798
0.217697
0.215838
0.213715
0.213690
0.214093
0.216201
0.220680
0.225441
0.229251
0.231522
0.234232
0.238336
0.242421
0.244368
0.246782
0.251539
0.256432
0.260041
0.262609
0.262130
0.262306
0.263083
0.261517
0.258357
0.255620
0.255824
0.256853
0.260098
0.263409
0.267317
0.269792
0.273183
0.275506
0.278456
0.280621
0.282429
0.284561
0.287355
0.291788
0.295405
0.295387
0.296020
0.295065
0.293306
0.290659
0.288444
0.286426
0.285388
0.287022
0.289490
0.291882
0.296399
0.301694
0.306130
0.310731
0.314480
0.316725
0.320006
0.321095
0.324161
0.328217
0.332314
0.335605
0.337383
0.338316
0.338676
0.340482
0.341935
0.343672
0.345831
0.346651
0.349653
0.354188
0.356603
0.357840
0.359497
0.360983
0.362218
0.362896
0.364180
0.364998
0.365475
0.366311
0.365925
0.366020
0.366067
0.362816
0.359206
0.355744
0.351198
0.346966
0.343194
0.341214
0.340025
0.340210
0.338067
0.335111
0.329883
0.327124
0.325041
0.324839
0.322688
0.321516
0.321959
0.322514
0.322715
0.321459
0.319420
0.316914
0.314720
0.313264
0.311693
0.311479
0.309082
0.306725
0.306630
0.307625
0.306363
0.305879
0.305137
0.304213
0.302552
0.299947
0.296686
0.293976
0.290778
0.289952
0.288041
0.285445
0.280317
0.276194
0.272939
0.269833
0.266253
0.265641
0.266005
0.268342
0.271586
0.274191
0.275310
0.277899
0.278739
0.281387
0.283922
0.287245
0.290614
0.297303
0.304638
0.312796
0.319655
0.326568
0.334004
0.339469
0.344160
0.346726
0.347281
0.346505
0.346320
0.347814
0.349578
0.351354
0.353970
0.357815
0.359340
0.360490
0.359308
0.358878
0.361838
0.365292
0.369800
0.375610
0.380739
0.386886
0.392257
0.395839
0.397642
0.396782
0.393853
0.391458
0.390255
0.387925
0.385486
0.383082
0.384933
0.387694
0.392167
0.395445
0.397216
0.398497
0.399334
0.397377
0.395472
0.394361
0.396324
0.400379
0.402877
0.402334
0.403445
0.401925
0.399501
0.394376
0.386594
0.378621
0.372363
0.363972
0.356584
0.352477
0.348841
0.346926
0.347655
0.348044
0.351615
0.356026
0.361046
0.367252
0.374030
0.378775
0.383766
0.389763
0.397460
0.402189
0.406810
0.407578
0.409310
0.411506
0.413274
0.410808
0.407493
0.403618
0.402547
0.403584
0.404225
0.406813
0.414400
0.423897
0.430956
0.437291
0.439992
0.439837
0.439122
0.435390
0.428902
0.422406
0.415174
0.410845
0.410528
0.411102
0.408793
0.406017
0.405447
0.404776
0.402589
0.395959
0.386691
0.377868
0.372076
0.366529
0.360373
0.355374
0.350716
0.347807
0.343699
0.336470
0.328551
0.320902
0.314310
0.308299
0.303530
0.300347
0.298370
0.297325
0.295660
0.294237
0.291074
0.287491
0.283653
0.283511
0.285263
0.286525
0.286928
0.289657
0.294322
0.299248
0.301957
0.301455
0.301168
0.303510
0.305978
0.308835
0.312074
0.316260
0.322079
0.329440
0.336208
0.342541
0.347475
0.352576
0.357567
0.363181
0.368668
0.372508
0.375640
0.378416
0.381886
0.384164
0.384813
0.383847
0.384344
0.385787
0.387171
0.388467
0.390456
0.394697
0.400215
0.406384
0.410379
0.412902
0.416375
0.419928
0.423895
0.428166
0.430080
0.432957
0.437857
0.445141
0.452138
0.458364
0.462989
0.467275
0.474264
0.480387
0.483033
0.485476
0.488894
0.493144
0.496429
0.497841
0.498576
0.500645
0.501533
0.501425
0.499908
0.499593
0.498772
0.499489
0.501637
0.503595
0.504781
0.503835
0.501086
0.500344
0.498416
0.493267
0.485959
0.478070
0.471259
0.465226
0.460054
0.453336
0.449427
0.449193
0.447263
0.445238
0.443742
0.443620
0.443610
0.441690
0.438565
0.438174
0.440724
0.443457
0.446870
0.453028
0.459400
0.466949
0.472366
0.478183
0.485233
0.490814
0.495401
0.501041
0.506794
0.513227
0.520368
0.528329
0.538314
0.546489
0.554471
0.560676
0.566603
0.572737
0.576886
0.577950
0.578895
0.581184
0.585345
0.591021
0.595751
0.598416
0.601896
0.604002
0.603490
0.601960
0.598107
0.594106
0.588822
0.581803
0.576695
0.572624
0.567829
0.564797
0.563118
0.563451
0.563864
0.563070
0.561271
0.558633
0.554220
0.548285
0.541193
0.535560
0.531249
0.527024
0.524641
0.524783
0.525559
0.526783
0.529924
0.532966
0.537620
0.542047
0.546325
0.550727
0.555761
0.560936
0.566960
0.573413
0.579494
0.588124
0.597411
0.607404
0.616809
0.626832
0.636476
0.648044
0.660720
0.674655
0.690122
0.706757
0.722918
0.739501
0.756057
0.770594
0.782933
0.793490
0.803007
0.812097
0.821916
0.831897
0.842638
0.853275
0.864148
0.876260
0.888410
0.900560
0.910201
0.917790
0.923897
0.929114
0.932918
0.935243
0.936194
0.937014
0.939311
0.942180
0.945108
0.947310
0.948718
0.949978
0.951124
0.952174
0.952096
0.951358
0.950244
0.950006
0.949711
0.949380
0.948611
0.947727
0.947889
0.948657
0.948756
0.949101
0.949671
0.951402
0.953035
0.954534
0.955541
0.954323
0.953150
0.951447
0.949363
0.945989
0.941428
0.934685
0.928183
0.920744
0.910520
0.898079
0.881714
0.863223
0.844343
0.824501
0.803912
0.783709
0.762886
0.742170
0.722584
0.702160
0.681243
0.661953
0.642470
0.623784
0.605353
0.588220
0.570694
0.554271
0.539451
0.524466
0.509500
0.493753
0.477899
0.464711
0.453951
0.444761
0.435047
0.429158
0.424530
0.423380
0.424229
0.424876
0.426763
0.430489
0.433673
0.438361
0.443889
0.447696
0.451740
0.456302
0.458578
0.460813
0.461505
0.461143
0.459293
0.457326
0.453730
0.449391
0.445270
0.442721
0.442532
0.442564
0.441078
0.439949
0.438760
0.439727
0.439551
0.437076
0.433172
0.430048
0.428334
0.426530
0.423398
0.420017
0.416395
0.411960
0.408668
0.406030
0.403198
0.400775
0.400285
0.400414
0.401293
0.404207
0.406431
0.408497
0.412532
0.415467
0.416244
0.415067
0.413640
0.412737
0.413374
0.410723
0.407646
0.404098
0.404971
0.408539
0.412105
0.414452
0.416376
0.419359
0.423189
0.426177
0.429289
0.432101
0.435384
0.438533
0.442170
0.443834
0.447610
0.451390
0.454119
0.457005
0.461577
0.465404
0.471145
0.475922
0.479522
0.482438
0.483819
0.482378
0.481334
0.478598
0.475175
0.472163
0.468836
0.465814
0.463876
0.463996
0.463256
0.462847
0.462311
0.460960
0.458664
0.454849
0.451474
0.448141
0.445589
0.441521
0.438344
0.435837
0.434829
0.433828
0.433028
0.432216
0.433138
0.435426
0.438681
0.442537
0.447725
0.454294
0.462510
0.471106
0.477612
0.483235
0.487786
0.491826
0.493481
0.493767
0.493557
0.492928
0.491434
0.490204
0.488707
0.486350
0.484004
0.480414
0.475093
0.468559
0.461682
0.453910
0.446768
0.438276
0.428690
0.419033
0.410842
0.403821
0.398407
0.391878
0.385382
0.379764
0.375466
0.372187
0.367914
0.363178
0.356508
0.348726
0.341103
0.333418
0.327497
0.323267
0.320095
0.319964
0.322567
0.326966
0.332050
0.338118
0.345455
0.352958
0.361044
0.367395
0.375244
0.383607
0.392499
0.399071
0.403387
0.405879
0.408989
0.411895
0.414328
0.415934
0.417080
0.420008
0.424644
0.431071
0.439780
0.449763
0.459641
0.469013
0.478009
0.487160
0.493841
0.496703
0.495683
0.493274
0.489705
0.484229
0.475915
0.466143
0.456175
0.445755
0.435133
0.424001
0.413716
0.404039
0.394214
0.384364
0.374635
0.366420
0.359787
0.353994
0.349006
0.343741
0.338910
0.335617
0.330982
0.325413
0.317687
0.309191
0.299070
0.289456
0.280269
0.272871
0.266861
0.263957
0.263990
0.265977
0.270616
0.275295
0.280474
0.285648
0.291644
0.296138
0.302652
0.310440
0.317334
0.324960
0.332383
0.339172
0.343351
0.346303
0.348555
0.351417
0.353145
0.355590
0.357879
0.360507
0.363923
0.367323
0.370485
0.372668
0.373745
0.373864
0.373949
0.371732
0.370460
0.367994
0.366114
0.363809
0.362118
0.359957
0.358811
0.355866
0.353039
0.351890
0.350901
0.349021
0.345737
0.343464
0.341430
0.338933
0.335083
0.330598
0.325624
0.321908
0.320671
0.320411
0.321014
0.323197
0.327414
0.332925
0.339237
0.343163
0.347037
0.350457
0.352300
0.354075
0.354034
0.353455
0.352507
0.352587
0.353605
0.352953
0.352067
0.352698
0.355039
0.359795
0.365661
0.370495
0.374567
0.379006
0.381275
0.381755
0.380169
0.377190
0.372521
0.367614
0.361499
0.355597
0.349245
0.342611
0.335567
0.329438
0.323928
0.319540
0.314318
0.310683
0.307925
0.305369
0.302279
0.299647
0.300841
0.301551
0.300148
0.297425
0.292316
0.288534
0.284393
0.279884
