# Fatigue Labels (0=alert, 1=fatigued)
0.059167
0.068633
0.066110
0.062424
0.061056
0.057985
0.059097
0.059693
0.059444
0.056996
0.053736
0.050934
0.049041
0.050075
0.053301
0.054682
0.056718
0.059213
0.063060
0.067789
0.074152
0.080247
0.086095
0.092645
0.099641
0.107619
0.115697
0.124135
0.134015
0.146705
0.160443
0.174065
0.187107
0.199909
0.211074
0.219528
0.226748
0.233587
0.238467
0.243054
0.245578
0.246683
0.247274
0.247809
0.249023
0.250043
0.251385
0.252096
0.252000
0.252161
0.251545
0.251047
0.248646
0.245276
0.241016
0.236141
0.230125
0.222543
0.212107
0.201646
0.192117
0.182962
0.174579
0.168080
0.164615
0.161993
0.160127
0.159653
0.159920
0.161494
0.164130
0.165991
0.168082
0.169633
0.169885
0.168985
0.166825
0.166120
0.163310
0.160834
0.157993
0.156555
0.157153
0.159022
0.163376
0.170771
0.178470
0.187466
0.198093
0.207093
0.217995
0.226948
0.232062
0.236210
0.242655
0.247232
0.253744
0.259226
0.265746
0.272718
0.280473
0.286964
0.291811
0.295925
0.300214
0.304790
0.307703
0.313454
0.322177
0.334382
0.348571
0.362791
0.375166
0.387311
0.398018
0.408853
0.418586
0.425107
0.433321
0.439952
0.448534
0.457857
0.466591
0.471355
0.474636
0.475395
0.480147
0.482779
0.482645
0.483038
0.487639
0.496383
0.506004
0.515614
0.525493
0.536715
0.545859
0.550966
0.550911
0.549248
0.549598
0.548293
0.543651
0.538132
0.532941
0.527040
0.519686
0.509586
0.496341
0.484605
0.478277
0.474235
0.473025
0.476373
0.482260
0.484405
0.487415
0.494219
0.500846
0.505391
0.506256
0.505937
0.506984
0.510211
0.512332
0.514613
0.518434
0.524247
0.532203
0.537878
0.547999
0.560298
0.574954
0.588427
0.603089
0.619870
0.639164
0.662140
0.684009
0.703672
0.722561
0.740773
0.757593
0.772918
0.788093
0.803379
0.817055
0.830066
0.842233
0.855847
0.868795
0.879552
0.888724
0.898061
0.907186
0.914544
0.921849
0.925554
0.929947
0.931917
0.931644
0.925373
0.919122
0.912376
0.907422
0.902699
0.897556
0.889707
0.882074
0.875427
0.869237
0.863085
0.853256
0.841271
0.829234
0.820937
0.812843
0.806176
0.799128
0.795733
0.795797
0.796459
0.797825
0.799211
0.801971
0.805158
0.809793
0.813226
0.814051
0.814097
0.815921
0.817543
0.819144
0.818953
0.817621
0.817005
0.821024
0.827309
0.833572
0.839382
0.844867
0.854486
0.866490
0.877038
0.883832
0.890404
0.893610
0.897140
0.899205
0.898572
0.897436
0.896394
0.895332
0.895657
0.896341
0.896490
0.896488
0.899189
0.903813
0.910353
0.917625
0.925070
0.931960
0.939192
0.945707
0.950294
0.952053
0.952547
0.952705
0.951273
0.948796
0.946319
0.945349
0.944037
0.942397
0.942544
0.943605
0.946025
0.948514
0.950375
0.951043
0.952200
0.951969
0.950809
0.950201
0.949594
0.948586
0.947655
0.947332
0.947009
0.947085
0.947716
0.948270
0.946709
0.945376
0.942675
0.939631
0.936768
0.935820
0.934721
0.934917
0.935684
0.936809
0.939991
0.942925
0.943421
0.942898
0.942459
0.942324
0.942583
0.942353
0.941534
0.942488
0.941052
0.936385
0.928776
0.918962
0.905007
0.889666
0.873637
0.857552
0.844012
0.833389
0.820998
0.808722
0.796359
0.781509
0.763489
0.743041
0.719016
0.694581
0.672667
0.648711
0.623363
0.597418
0.571548
0.545164
0.518291
0.491859
0.463001
0.436673
0.410024
0.386313
0.364430
0.346360
0.330301
0.318609
0.308236
0.296182
0.283312
0.267440
0.251490
0.236746
0.222614
0.207491
0.194743
0.185303
0.180286
0.177914
0.174163
0.167741
0.161329
0.156224
0.153821
0.150669
0.146895
0.143853
0.140359
0.139055
0.135959
0.132225
0.127001
0.124303
0.120597
0.117783
0.114833
0.111982
0.110275
0.109566
0.108644
0.106226
0.104047
0.102037
0.101281
0.102279
0.103371
0.103595
0.103702
0.104143
0.104185
0.104571
0.104156
0.101597
0.099583
0.097637
0.095759
0.094130
0.092732
0.093295
0.093697
0.095218
0.097349
0.099785
0.102040
0.103978
0.105805
0.107725
0.111586
0.116772
0.125142
0.136551
0.149934
0.166793
0.184628
0.205118
0.227914
0.251721
0.277005
0.304380
0.331349
0.356469
0.380169
0.399323
0.416008
0.430763
0.444525
0.458359
0.472141
0.487715
0.505746
0.523009
0.538868
0.552042
0.562137
0.570710
0.575902
0.576998
0.575836
0.572021
0.564086
0.554456
0.542433
0.528936
0.515720
0.499705
0.482343
0.465165
0.446347
0.428625
0.414142
0.401200
0.394542
0.394247
0.398683
0.408059
0.419720
0.432044
0.444082
0.451964
0.455299
0.456598
0.456667
0.457507
0.459152
0.464107
0.473009
0.486920
0.504731
0.527002
0.550633
0.576478
0.600490
0.621961
0.643465
0.665056
0.685870
0.707621
0.728657
0.749876
0.772214
0.792603
0.810013
0.824311
0.834424
0.842186
0.847225
0.850089
0.853921
0.861030
0.871416
0.885120
0.900751
0.917180
0.934041
0.946112
0.954854
0.960240
0.962341
0.963274
0.961082
0.959575
0.959898
0.961422
0.962947
0.964471
0.965157
0.965843
0.965843
0.965843
0.965843
0.965005
0.964167
0.963024
0.961881
0.960738
0.959994
0.958431
0.956791
0.955836
0.954882
0.954232
0.953031
0.952026
0.954905
0.957079
0.959482
0.961886
0.964022
0.965857
0.968245
0.968174
0.966521
0.965171
0.963442
0.961713
0.958723
0.955085
0.949779
0.944735
0.940891
0.934418
0.925288
0.913328
0.899503
0.886669
0.874311
0.862334
0.850887
0.841235
0.834435
0.830364
0.824872
0.816544
0.805557
0.792009
0.776472
0.759895
0.739760
0.720263
0.702210
0.685571
0.668784
0.650575
0.630972
0.612522
0.594129
0.575554
0.554675
0.532828
0.513626
0.498904
0.490770
0.486323
0.482551
0.478546
0.474468
0.468032
0.459251
0.444022
0.424230
0.403401
0.384086
0.367223
0.352820
0.341015
0.330902
0.324801
0.318446
0.311257
0.302846
0.294989
0.288863
0.284624
0.283034
0.284198
0.291013
0.303580
0.320213
0.340648
0.362624
0.382297
0.400149
0.416525
0.433649
0.451341
0.470177
0.489562
0.513133
0.538139
0.565602
0.593379
0.622064
0.650320
0.677966
0.705075
0.732982
0.759953
0.786316
0.812867
0.838707
0.864619
0.890038
0.913068
0.933936
0.951001
0.964357
0.974253
0.980330
0.983351
0.984914
0.986477
0.988040
0.989432
0.990328
0.991224
0.992120
0.992120
0.993071
0.994023
0.994975
0.995926
0.996878
0.997830
0.998934
0.999086
0.999239
0.999391
0.999543
0.999695
0.999848
1.000000
1.000000
1.000000
1.000000
1.000000
1.000000
1.000000
1.000000
1.000000
1.000000
1.000000
1.000000
1.000000
1.000000
1.000000
1.000000
1.000000
1.000000
1.000000
1.000000
1.000000
1.000000
1.000000
1.000000
1.000000
1.000000
1.000000
1.000000
1.000000
1.000000
1.000000
1.000000
1.000000
1.000000
1.000000
1.000000
1.000000
1.000000
1.000000
1.000000
1.000000
1.000000
1.000000
1.000000
1.000000
1.000000
1.000000
1.000000
1.000000
1.000000
1.000000
1.000000
0.999466
0.995748
0.990479
0.984614
0.976756
0.968403
0.960050
0.951240
0.944243
0.940050
0.935229
0.931746
0.928627
0.925441
0.919387
0.913447
0.907297
0.898931
0.890263
0.879863
0.868051
0.855744
0.844814
0.833751
0.824345
0.817064
0.811184
0.806980
0.804957
0.805263
0.808980
0.814250
0.820114
0.827973
0.836091
0.843225
0.850816
0.856594
0.859568
0.862694
0.864482
0.865906
0.868617
0.874195
0.879659
0.885276
0.892919
0.901340
0.911493
0.923058
0.935118
0.945801
0.956617
0.966022
0.972752
0.978082
0.981735
0.983075
0.982620
0.981937
0.981253
0.980379
0.979505
0.978866
0.979211
0.979689
0.980166
0.980644
0.981597
0.983292
0.984987
0.985463
0.985939
0.986414
0.986662
0.987100
0.987062
0.987024
0.986986
0.986948
0.986910
0.986872
0.986872
0.987423
0.987974
0.988524
0.988941
0.989359
0.989776
0.990193
0.990801
0.991409
0.992017
0.992625
0.993367
0.994108
0.994849
0.995591
0.995591
0.995591
0.995591
0.995591
0.995591
0.995876
0.996161
0.996446
0.996731
0.997016
0.997301
0.997586
0.997871
0.997871
0.997871
0.997871
0.997871
0.998137
0.998403
0.998670
0.998936
0.999202
0.999468
0.999734
1.000000
1.000000
1.000000
0.999829
0.998383
0.996937
0.995491
0.994045
0.992599
0.991153
0.989707
0.989707
0.989707
0.989707
0.989707
0.989707
0.989707
0.989707
0.989707
0.989707
0.989707
0.989707
0.989707
0.989707
0.989707
0.989707
0.989707
0.989707
0.989707
0.989707
0.989707
0.989707
0.989878
0.991324
0.992770
0.994216
0.995662
0.997108
0.998554
1.000000
1.000000
1.000000
1.000000
0.999637
0.999275
0.998912
0.998549
0.998187
0.995852
0.989029
0.981045
0.973061
0.964925
0.956789
0.948653
0.940765
0.936891
0.936263
0.936110
0.936110
0.935577
