# Fatigue Labels (0=alert, 1=fatigued)
0.442867
0.409361
0.391587
0.370433
0.365328
0.362885
0.359412
0.357677
0.356088
0.351470
0.351366
0.354660
0.360372
0.365641
0.370577
0.370334
0.370682
0.371063
0.373116
0.377195
0.382908
0.387298
0.390798
0.392513
0.394811
0.397163
0.398370
0.397488
0.397074
0.397502
0.397445
0.398489
0.400847
0.402159
0.404860
0.406630
0.407656
0.408597
0.409420
0.410413
0.410713
0.410845
0.411445
0.409846
0.409093
0.409241
0.409164
0.408626
0.406835
0.404659
0.402976
0.403041
0.403376
0.403522
0.404649
0.406517
0.410264
0.414539
0.417715
0.421007
0.424730
0.428005
0.430602
0.430803
0.431451
0.432606
0.432504
0.432902
0.432090
0.431783
0.431266
0.431781
0.431481
0.431552
0.430975
0.430892
0.429405
0.428433
0.427170
0.426406
0.425311
0.426066
0.426370
0.426322
0.429527
0.434810
0.440121
0.445649
0.450061
0.453461
0.457595
0.460157
0.461149
0.461143
0.460263
0.459205
0.457563
0.456405
0.455543
0.458494
0.462047
0.469858
0.479934
0.493395
0.508565
0.526440
0.545676
0.563155
0.580703
0.597405
0.612818
0.628902
0.645266
0.658105
0.668686
0.679916
0.691880
0.704733
0.718424
0.731756
0.747298
0.766156
0.785795
0.805989
0.826834
0.847278
0.867813
0.888151
0.903701
0.917383
0.928692
0.937131
0.942787
0.947007
0.948909
0.949579
0.953490
0.957401
0.960971
0.965014
0.968072
0.971086
0.974918
0.978732
0.980521
0.982310
0.984020
0.985180
0.986341
0.987502
0.987502
0.987502
0.987502
0.987502
0.987502
0.987502
0.987502
0.989124
0.990745
0.992366
0.993987
0.995609
0.997230
0.998851
1.000000
1.000000
1.000000
1.000000
1.000000
1.000000
1.000000
1.000000
1.000000
1.000000
1.000000
1.000000
1.000000
1.000000
1.000000
1.000000
1.000000
1.000000
1.000000
1.000000
1.000000
1.000000
1.000000
1.000000
1.000000
1.000000
1.000000
1.000000
1.000000
1.000000
1.000000
1.000000
1.000000
1.000000
1.000000
1.000000
1.000000
1.000000
1.000000
1.000000
1.000000
1.000000
1.000000
1.000000
1.000000
1.000000
1.000000
1.000000
1.000000
1.000000
1.000000
1.000000
0.998723
0.994384
0.987176
0.976739
0.963436
0.947171
0.927414
0.903590
0.880241
0.856298
0.832149
0.808564
0.785729
0.762910
0.740789
0.718935
0.696511
0.674866
0.653282
0.630993
0.608383
0.585147
0.562214
0.538689
0.515723
0.492807
0.470100
0.447960
0.427202
0.407529
0.391205
0.378232
0.367373
0.360397
0.355716
0.353995
0.356817
0.358724
0.361126
0.361912
0.361051
0.358168
0.355045
0.349908
0.344005
0.339641
0.335222
0.331924
0.330660
0.331893
0.333976
0.336548
0.339586
0.344050
0.348093
0.350521
0.351068
0.348975
0.348091
0.349082
0.352054
0.358732
0.368407
0.382314
0.400694
0.421695
0.443137
0.464678
0.488041
0.512105
0.537233
0.562586
0.589256
0.616424
0.642621
0.668097
0.692390
0.715944
0.737321
0.758472
0.778834
0.799321
0.817823
0.836695
0.856975
0.878567
0.901418
0.923253
0.942925
0.960134
0.974753
0.985356
0.992395
0.995494
0.992575
0.987922
0.980549
0.970093
0.956908
0.940920
0.921629
0.900373
0.877359
0.853764
0.829644
0.806079
0.784737
0.763818
0.742476
0.721153
0.701116
0.683485
0.665853
0.645574
0.624034
0.602037
0.581240
0.561058
0.537344
0.513995
0.491191
0.469084
0.448103
0.429924
0.413247
0.400093
0.390140
0.382892
0.377501
0.374411
0.372670
0.373436
0.375864
0.378663
0.381232
0.380209
0.378832
0.378794
0.379834
0.378422
0.374596
0.370034
0.369097
0.369892
0.372119
0.372893
0.372512
0.375082
0.377599
0.380441
0.382719
0.383291
0.384095
0.386544
0.388379
0.390157
0.392457
0.395872
0.400473
0.406606
0.410867
0.413121
0.414893
0.416252
0.417475
0.417601
0.416245
0.412668
0.412293
0.411623
0.412111
0.412889
0.413103
0.412173
0.412678
0.414407
0.415216
0.416656
0.417747
0.419820
0.423470
0.426679
0.429523
0.432164
0.435524
0.438769
0.440517
0.441037
0.439466
0.437458
0.435282
0.433589
0.430480
0.429759
0.431159
0.432440
0.435637
0.437210
0.439787
0.442434
0.443701
0.444890
0.446224
0.446745
0.447273
0.448432
0.449739
0.449167
0.446590
0.443840
0.441540
0.438010
0.435465
0.430789
0.424070
0.419505
0.415770
0.412506
0.410691
0.408699
0.406593
0.406632
0.405483
0.404093
0.403032
0.401137
0.399947
0.396974
0.394590
0.392514
0.391376
0.391531
0.392966
0.394684
0.397468
0.400840
0.405271
0.410756
0.415986
0.421393
0.427134
0.432809
0.441367
0.454129
0.466976
0.480210
0.495693
0.511607
0.530894
0.548044
0.562251
0.574816
0.587007
0.597178
0.604392
0.607082
0.608621
0.609633
0.609829
0.608215
0.605410
0.601372
0.595903
0.590763
0.585315
0.578878
0.571593
0.563933
0.556335
0.548572
0.542242
0.534829
0.525884
0.517924
0.511173
0.501740
0.491199
0.478460
0.466870
0.457184
0.447446
0.435351
0.424205
0.417300
0.413778
0.412313
0.411139
0.410434
0.411464
0.413282
0.414863
0.416918
0.419770
0.421229
0.424717
0.429067
0.433689
0.437884
0.442091
0.442506
0.441837
0.439618
0.435865
0.429272
0.423807
0.418382
0.412884
0.409667
0.406492
0.405552
0.407536
0.411615
0.413816
0.416371
0.418326
0.420455
0.421994
0.421780
0.420875
0.421028
0.422589
0.423508
0.424839
0.425465
0.426614
0.426407
0.425717
0.424138
0.424282
0.425543
0.428370
0.429768
0.433199
0.437746
0.442602
0.445062
0.445529
0.445394
0.444889
0.443512
0.441409
0.439864
0.439367
0.440355
0.439348
0.437830
0.437293
0.434567
0.430939
0.425800
0.418149
0.410284
0.402974
0.394561
0.389876
0.386614
0.384622
0.382234
0.379055
0.376601
0.375508
0.373163
0.367914
0.362390
0.357661
0.354323
0.352813
0.350344
0.347632
0.344466
0.341769
0.339743
0.338117
0.337376
0.337073
0.337255
0.340460
0.345351
0.349841
0.354876
0.360111
0.364645
0.370275
0.372466
0.373246
0.372619
0.373695
0.375818
0.377316
0.378801
0.380925
0.384050
0.388240
0.393591
0.396622
0.398583
0.401141
0.402933
0.406682
0.409728
0.411186
0.412651
0.413715
0.415465
0.417430
0.417989
0.417974
0.419034
0.420957
0.422721
0.426444
0.428610
0.430984
0.433606
0.435776
0.435772
0.435240
0.432579
0.430434
0.429124
0.429548
0.429870
0.430150
0.433250
0.436006
0.438684
0.441381
0.441748
0.441583
0.440011
0.438455
0.438188
0.438746
0.439248
0.439445
0.439075
0.437720
0.436164
0.433903
0.429851
0.427032
0.423943
0.420951
0.420817
0.421763
0.424155
0.426916
0.429394
0.430811
0.430936
0.429817
0.427840
0.423830
0.419490
0.415956
0.414009
0.412648
0.412072
0.413880
0.415607
0.418422
0.420278
0.420971
0.421621
0.421614
0.422740
0.425119
0.427176
0.428210
0.428718
0.429547
0.432018
0.432799
0.432195
0.429810
0.427701
0.425137
0.423400
0.422386
0.422402
0.423398
0.425109
0.428359
0.431071
0.432168
0.433461
0.434946
0.434661
0.434086
0.432272
0.430305
0.430430
0.431856
0.433124
0.433971
0.434670
0.435897
0.437015
0.437762
0.437444
0.436020
0.435317
0.434856
0.436303
0.438682
0.441895
0.444774
0.447919
0.449080
0.449361
0.450078
0.449716
0.449064
0.448625
0.449649
0.451251
0.454724
0.457824
0.459616
0.461677
0.463230
0.464405
0.464897
0.464921
0.464449
0.464234
0.465647
0.466649
0.467997
0.468110
0.467574
0.467563
0.465632
0.466056
0.468109
0.473164
0.477975
0.485568
0.495824
0.506370
0.515221
0.521048
0.524965
0.526126
0.525489
0.522705
0.518952
0.515301
0.512157
0.509234
0.506361
0.506027
0.506176
0.505149
0.504381
0.502478
0.499344
0.496735
0.493871
0.489390
0.484343
0.479368
0.473634
0.466234
0.455733
0.444834
0.434430
0.424359
0.414271
0.405578
0.398425
0.393821
0.392147
0.391810
0.390273
0.388979
0.388036
0.386306
0.384142
0.381594
0.376366
0.371637
0.369461
0.368093
0.367476
0.368557
0.369918
0.372739
0.376472
0.380434
0.384675
0.386737
0.388532
0.390766
0.393122
0.393289
0.391392
0.389264
0.387348
0.387410
0.387067
0.384965
0.383491
0.385619
0.387355
0.388456
0.389740
0.390430
0.390645
0.392287
0.393245
0.392537
0.391571
0.390367
0.389983
0.390314
0.390272
0.390825
0.391788
0.393835
0.396413
0.397672
0.398795
0.399978
0.402769
0.405985
0.409294
0.412232
0.415845
0.419486
0.423378
0.425483
0.426733
0.429169
0.432826
0.436945
0.441906
0.447640
0.452017
0.455363
0.457805
0.457618
0.456621
0.456025
0.455620
0.455380
0.455310
0.456030
0.457420
0.458836
0.460787
0.461480
0.460970
0.460132
0.459742
0.458716
0.459189
0.459174
0.459675
0.462101
0.465829
0.468905
0.471347
0.472928
0.473178
0.470383
0.467534
0.464868
0.461649
