# Fatigue Labels (0=alert, 1=fatigued)
0.285217
0.318094
0.339400
0.344124
0.356346
0.364532
0.370463
0.379920
0.386698
0.390389
0.393556
0.394570
0.393586
0.392407
0.389451
0.389986
0.389670
0.386606
0.384367
0.382329
0.381180
0.379045
0.377063
0.374120
0.372156
0.370788
0.368657
0.365956
0.362640
0.357366
0.351735
0.345529
0.338754
0.332117
0.324505
0.317305
0.310009
0.304953
0.302317
0.299758
0.299027
0.301736
0.304298
0.308879
0.312711
0.316132
0.319834
0.320919
0.318772
0.314969
0.315181
0.314074
0.312235
0.309932
0.306320
0.303315
0.300782
0.296208
0.291776
0.288978
0.285968
0.284051
0.282514
0.280756
0.278992
0.277241
0.274392
0.271352
0.268024
0.262451
0.257683
0.253352
0.248789
0.246179
0.242583
0.239499
0.238996
0.239729
0.240048
0.237806
0.235951
0.234040
0.232286
0.231897
0.231028
0.230795
0.233068
0.235723
0.237443
0.240857
0.242372
0.243584
0.246528
0.249232
0.252311
0.257969
0.262236
0.266509
0.275613
0.284667
0.296157
0.309947
0.324821
0.343602
0.366047
0.388924
0.413289
0.439216
0.465895
0.492436
0.518972
0.545417
0.571647
0.598295
0.624286
0.649728
0.675478
0.701310
0.726779
0.753470
0.780797
0.806845
0.833232
0.859401
0.882467
0.905683
0.927350
0.943619
0.956967
0.967399
0.973007
0.977485
0.977551
0.972929
0.967832
0.959496
0.951160
0.943172
0.936010
0.926044
0.914984
0.899449
0.882063
0.863760
0.841921
0.816909
0.789193
0.761418
0.734232
0.706857
0.678879
0.650504
0.621191
0.591431
0.561268
0.532279
0.504447
0.476039
0.446300
0.418817
0.391343
0.366297
0.342558
0.318069
0.298458
0.279871
0.261176
0.242124
0.225182
0.209541
0.198217
0.188395
0.179524
0.173876
0.170820
0.170297
0.169865
0.167936
0.165856
0.163905
0.162150
0.161794
0.163048
0.165414
0.167334
0.169470
0.172291
0.176276
0.179186
0.180328
0.180113
0.180059
0.179133
0.177389
0.175425
0.172574
0.169402
0.167248
0.164955
0.162881
0.161076
0.159068
0.157371
0.156201
0.154947
0.153105
0.152765
0.152940
0.154236
0.155770
0.157064
0.157886
0.158417
0.158732
0.158190
0.157605
0.157002
0.156224
0.156186
0.157631
0.159749
0.164473
0.168482
0.171602
0.175468
0.179551
0.183097
0.186390
0.188710
0.189670
0.190002
0.189545
0.189353
0.189326
0.189636
0.193174
0.200719
0.209653
0.221606
0.237448
0.256265
0.278780
0.302725
0.327167
0.351540
0.379286
0.407810
0.437353
0.466172
0.494278
0.520676
0.546968
0.573345
0.598975
0.624241
0.649718
0.675382
0.701956
0.727603
0.749687
0.769062
0.785180
0.801386
0.817810
0.830414
0.839178
0.849999
0.861853
0.870837
0.876259
0.877447
0.877435
0.877424
0.877412
0.874214
0.872121
0.872314
0.872678
0.873043
0.873043
0.873043
0.873043
0.871863
0.870684
0.869505
0.868325
0.867146
0.868335
0.871998
0.879194
0.890621
0.902048
0.913475
0.924902
0.935986
0.943888
0.948675
0.952225
0.955671
0.959234
0.962797
0.966359
0.969922
0.973484
0.975942
0.976113
0.976113
0.976113
0.976113
0.976113
0.976113
0.977330
0.978548
0.979765
0.980982
0.982199
0.983417
0.986521
0.989589
0.991476
0.993363
0.995249
0.997136
0.999023
1.000000
1.000000
1.000000
1.000000
1.000000
1.000000
1.000000
1.000000
1.000000
1.000000
1.000000
1.000000
1.000000
1.000000
1.000000
1.000000
1.000000
1.000000
1.000000
1.000000
1.000000
1.000000
1.000000
1.000000
1.000000
1.000000
1.000000
1.000000
1.000000
1.000000
1.000000
1.000000
1.000000
1.000000
1.000000
1.000000
1.000000
1.000000
1.000000
1.000000
1.000000
1.000000
1.000000
1.000000
1.000000
1.000000
1.000000
1.000000
1.000000
1.000000
1.000000
1.000000
1.000000
1.000000
1.000000
1.000000
1.000000
1.000000
1.000000
1.000000
1.000000
1.000000
1.000000
1.000000
1.000000
1.000000
1.000000
1.000000
1.000000
1.000000
1.000000
1.000000
1.000000
1.000000
1.000000
1.000000
1.000000
1.000000
1.000000
1.000000
1.000000
1.000000
1.000000
1.000000
1.000000
1.000000
1.000000
1.000000
1.000000
1.000000
1.000000
1.000000
1.000000
1.000000
1.000000
1.000000
1.000000
1.000000
1.000000
1.000000
1.000000
1.000000
1.000000
1.000000
1.000000
1.000000
1.000000
1.000000
1.000000
1.000000
1.000000
1.000000
1.000000
1.000000
1.000000
1.000000
1.000000
1.000000
1.000000
1.000000
1.000000
1.000000
1.000000
1.000000
1.000000
1.000000
1.000000
1.000000
1.000000
1.000000
1.000000
1.000000
1.000000
1.000000
1.000000
1.000000
1.000000
1.000000
1.000000
1.000000
1.000000
1.000000
1.000000
1.000000
1.000000
1.000000
1.000000
1.000000
1.000000
1.000000
1.000000
1.000000
1.000000
1.000000
1.000000
1.000000
1.000000
1.000000
1.000000
1.000000
1.000000
1.000000
1.000000
1.000000
1.000000
1.000000
1.000000
1.000000
1.000000
1.000000
1.000000
1.000000
1.000000
1.000000
1.000000
1.000000
1.000000
1.000000
1.000000
1.000000
1.000000
1.000000
1.000000
1.000000
1.000000
1.000000
1.000000
1.000000
1.000000
1.000000
1.000000
1.000000
1.000000
1.000000
1.000000
1.000000
1.000000
1.000000
1.000000
1.000000
1.000000
1.000000
1.000000
1.000000
1.000000
1.000000
1.000000
1.000000
1.000000
1.000000
1.000000
1.000000
1.000000
0.999807
0.996598
0.988996
0.978092
0.963244
0.944081
0.920960
0.894463
0.865313
0.835744
0.805807
0.775149
0.745097
0.715534
0.685818
0.655941
0.626674
0.596917
0.566711
0.536059
0.504306
0.471360
0.439410
0.407190
0.374740
0.343773
0.313080
0.282567
0.252349
0.221589
0.193293
0.169696
0.148741
0.131162
0.117805
0.108693
0.102751
0.099684
0.096866
0.094626
0.093739
0.092705
0.092593
0.093688
0.095106
0.096328
0.097581
0.100194
0.102716
0.105780
0.108947
0.110818
0.113105
0.116270
0.119870
0.123331
0.127252
0.132281
0.140187
0.149281
0.157261
0.164294
0.171368
0.177255
0.181615
0.185307
0.187259
0.190290
0.195293
0.199908
0.204881
0.209391
0.213640
0.217392
0.221998
0.226511
0.229686
0.233153
0.237171
0.241032
0.246806
0.253291
0.257752
0.259830
0.261282
0.262013
0.261836
0.260401
0.257973
0.257228
0.257589
0.260086
0.265567
0.272133
0.280091
0.289951
0.298302
0.304273
0.310023
0.312855
0.315335
0.316186
0.316970
0.315768
0.315119
0.316132
0.317066
0.318410
0.320760
0.321369
0.319219
0.318645
0.316865
0.315037
0.313256
0.312278
0.311761
0.313308
0.316256
0.322622
0.331596
0.342283
0.355861
0.371732
0.388944
0.408843
0.430046
0.451226
0.473367
0.493102
0.513674
0.534648
0.556339
0.578029
0.598486
0.617714
0.637498
0.657961
0.678554
0.701048
0.723343
0.747307
0.771811
0.799452
0.825798
0.850795
0.874088
0.895103
0.913165
0.925711
0.934843
0.941215
0.940962
0.935910
0.924936
0.909057
0.890320
0.868379
0.844183
0.818660
0.793501
0.767454
0.740593
0.714694
0.691829
0.669457
0.646839
0.624340
0.603782
0.585247
0.566920
0.548496
0.526390
0.505112
0.482924
0.458955
0.432647
0.405563
0.378678
0.351425
0.323544
0.300284
0.279727
0.263218
0.250447
0.240747
0.235391
0.233651
0.232718
0.232404
0.233097
0.234725
0.235963
0.237213
0.237357
0.238306
0.238713
0.238671
0.237987
0.238786
0.240985
0.243174
0.245120
0.247270
0.250980
0.257176
0.263458
0.269599
0.275218
0.281529
0.287366
0.293316
0.299310
0.305190
0.310181
0.315840
0.320656
0.325250
0.327961
0.329404
0.329976
0.330582
0.329676
0.327801
0.325153
0.322703
0.317415
0.312414
0.306564
0.300139
0.294999
0.289842
0.287036
0.286043
0.286448
0.286365
0.285682
0.283714
0.282242
0.280096
0.277604
0.274915
0.271955
0.271956
0.271974
0.273521
0.275014
0.275763
0.275598
0.275160
0.273210
0.270302
0.268203
0.267563
0.267800
0.270002
0.270306
0.268714
0.265490
0.261557
0.255492
0.246440
0.236131
0.224145
0.214027
0.206538
0.201778
0.196964
0.192993
0.190424
0.188450
0.187455
0.183894
0.179485
0.175489
0.173752
0.175287
0.179031
0.184121
0.190041
0.198274
0.207516
0.215340
0.222422
0.228658
0.234540
0.242267
0.251222
0.258654
0.265153
0.272286
0.278040
0.283453
0.287710
0.289466
0.292247
0.293945
0.296644
0.300406
0.304187
0.308561
0.313166
0.318446
0.322864
0.326209
0.326949
0.326293
0.324412
0.322164
0.318774
0.314654
0.310347
0.305443
0.301833
0.300026
0.298229
0.297067
0.297746
0.300864
0.303884
0.308202
0.311752
0.314958
0.317890
0.318836
0.321026
0.320868
0.319595
0.316969
0.313551
0.310987
0.308432
0.306072
0.304943
0.304402
0.304973
0.305353
0.305005
0.304674
0.303044
0.301241
0.299367
0.297267
0.295166
0.294018
0.292964
0.290991
0.289151
