# Fatigue Labels (0=alert, 1=fatigued)
0.304950
0.314572
0.308050
0.303886
0.299191
0.291733
0.290665
0.290219
0.290000
0.289019
0.288717
0.287217
0.283495
0.279038
0.271709
0.266471
0.260862
0.255001
0.249932
0.245391
0.241282
0.236660
0.231957
0.227848
0.224934
0.221935
0.218055
0.214736
0.210948
0.208002
0.205209
0.202664
0.200250
0.199393
0.198070
0.196566
0.195160
0.194559
0.194420
0.194761
0.194772
0.195925
0.198503
0.202247
0.206041
0.210563
0.215103
0.219524
0.223499
0.226223
0.228975
0.231944
0.235072
0.237929
0.241074
0.245011
0.248586
0.252622
0.255851
0.259553
0.262377
0.264679
0.264945
0.264691
0.263318
0.261584
0.259659
0.257343
0.256535
0.256880
0.256864
0.257901
0.260225
0.263606
0.266187
0.268862
0.270996
0.273094
0.276295
0.279254
0.281060
0.282674
0.284227
0.285603
0.287086
0.289542
0.292084
0.294751
0.297332
0.299848
0.301956
0.303976
0.305723
0.308080
0.311079
0.313511
0.316579
0.318417
0.319656
0.322630
0.324156
0.323648
0.321906
0.320224
0.319526
0.319562
0.319750
0.318090
0.317691
0.319681
0.322971
0.325939
0.328817
0.331603
0.334441
0.337424
0.340157
0.341596
0.344394
0.346678
0.349372
0.352658
0.354647
0.355899
0.357183
0.357008
0.356848
0.357230
0.355193
0.353463
0.353131
0.353094
0.353468
0.352450
0.349476
0.346984
0.346114
0.344631
0.342272
0.339238
0.336875
0.334744
0.332884
0.330327
0.328959
0.327983
0.328008
0.327199
0.327587
0.328620
0.329249
0.330255
0.331913
0.333583
0.336701
0.340979
0.344468
0.347641
0.350718
0.351599
0.352680
0.353156
0.353952
0.355969
0.359499
0.363582
0.367234
0.371174
0.374225
0.376712
0.378477
0.377843
0.376381
0.374016
0.371172
0.368895
0.367428
0.366415
0.366331
0.366832
0.369221
0.371998
0.375690
0.378557
0.380559
0.383363
0.388576
0.393467
0.399240
0.403487
0.407491
0.412141
0.415437
0.416284
0.415883
0.415721
0.415118
0.414239
0.412768
0.411061
0.410258
0.410907
0.411016
0.412120
0.413884
0.416001
0.418013
0.420347
0.422128
0.422402
0.421120
0.418646
0.416993
0.415779
0.413453
0.408973
0.404505
0.401828
0.401028
0.401174
0.401454
0.403056
0.406709
0.413284
0.420213
0.426321
0.432561
0.439945
0.447907
0.455356
0.459518
0.461127
0.461299
0.460071
0.457813
0.455611
0.452199
0.450992
0.452154
0.455445
0.459017
0.461666
0.462725
0.461701
0.460202
0.457763
0.453097
0.448309
0.443264
0.438260
0.435302
0.431314
0.427057
0.423646
0.421251
0.420643
0.420265
0.421552
0.422756
0.426241
0.431654
0.436768
0.441766
0.446373
0.448485
0.449834
0.449661
0.447949
0.445402
0.443095
0.440576
0.439410
0.440845
0.442356
0.444902
0.447230
0.448179
0.448615
0.448683
0.446043
0.443126
0.438972
0.433874
0.428414
0.421962
0.414940
0.406721
0.399723
0.393384
0.387172
0.381682
0.375987
0.370595
0.367974
0.366103
0.363363
0.360800
0.358542
0.356463
0.355675
0.354332
0.352315
0.351544
0.351500
0.353477
0.358430
0.363796
0.369582
0.376280
0.383920
0.389613
0.394796
0.398958
0.402619
0.406260
0.409706
0.413629
0.418090
0.424576
0.430239
0.436707
0.443031
0.448537
0.452678
0.458428
0.464654
0.469269
0.473864
0.477298
0.481740
0.486987
0.493776
0.500211
0.505507
0.509529
0.512559
0.514848
0.515253
0.513428
0.512290
0.510309
0.507984
0.505193
0.502040
0.499639
0.497477
0.493825
0.487584
0.483434
0.478895
0.475501
0.472659
0.471511
0.469217
0.466249
0.464371
0.463148
0.462144
0.459737
0.456266
0.450889
0.444946
0.440376
0.436868
0.434530
0.432861
0.433434
0.436444
0.439617
0.443871
0.447950
0.452223
0.457251
0.463105
0.468038
0.473163
0.479970
0.485754
0.489794
0.491740
0.491594
0.490699
0.491071
0.491283
0.490956
0.491898
0.495514
0.499677
0.503663
0.506641
0.510103
0.512989
0.514216
0.514928
0.516832
0.518734
0.520435
0.521572
0.523297
0.525984
0.528653
0.528889
0.527393
0.526529
0.526782
0.526620
0.527111
0.527768
0.529007
0.531961
0.535478
0.537165
0.539969
0.544209
0.547414
0.549128
0.550172
0.551379
0.553030
0.553183
0.551806
0.548030
0.545364
0.541940
0.538953
0.537321
0.538718
0.539753
0.541257
0.543645
0.548865
0.553864
0.556762
0.556825
0.555353
0.551579
0.549008
0.546809
0.544501
0.541853
0.541024
0.539980
0.539760
0.540338
0.540598
0.540845
0.542036
0.544110
0.548139
0.554509
0.563480
0.569716
0.575098
0.579811
0.581439
0.578498
0.574602
0.569396
0.562159
0.554194
0.546220
0.540459
0.538530
0.539311
0.540854
0.541982
0.545029
0.547689
0.551434
0.553337
0.554314
0.554513
0.554497
0.555395
0.558181
0.562367
0.568347
0.574762
0.579582
0.584906
0.591597
0.599932
0.606769
0.615195
0.623905
0.632660
0.642280
0.651771
0.658917
0.664252
0.667039
0.665737
0.663282
0.661620
0.659345
0.655210
0.650906
0.645012
0.641036
0.637245
0.633153
0.628306
0.621872
0.613856
0.604906
0.593346
0.580290
0.567205
0.553925
0.539998
0.524829
0.511661
0.497746
0.485507
0.473387
0.461387
0.451580
0.443738
0.437005
0.431517
0.428452
0.426197
0.424486
0.422930
0.421778
0.421539
0.422507
0.422914
0.423425
0.422333
0.421721
0.423774
0.425726
0.428913
0.435569
0.443152
0.452879
0.462516
0.471745
0.482626
0.494367
0.505844
0.519118
0.534043
0.547051
0.560700
0.575221
0.588391
0.602610
0.616455
0.629214
0.639976
0.650893
0.661960
0.672243
0.682079
0.689186
0.693752
0.699375
0.707594
0.712440
0.718235
0.722945
0.725602
0.728494
0.727078
0.722674
0.718872
0.712285
0.701846
0.691755
0.679609
0.666792
0.657531
0.649507
0.641629
0.637430
0.632426
0.625345
0.619285
0.615818
0.612164
0.607137
0.600940
0.594897
0.593232
0.595945
0.599000
0.599177
0.602427
0.604201
0.605614
0.607914
0.608338
0.609506
0.615083
0.620265
0.625394
0.632370
0.639249
0.645479
0.650129
0.651280
0.648436
0.644379
0.639929
0.635898
0.635105
0.635487
0.637817
0.643053
0.651529
0.662808
0.672972
0.678892
0.683045
0.686607
0.689634
0.691039
0.693287
0.697727
0.702036
0.705554
0.708979
0.708626
0.706683
0.702594
0.697473
0.689857
0.683760
0.680144
0.679312
0.680539
0.683784
0.687044
0.688514
0.689406
0.687544
0.681042
0.671645
0.658821
0.642060
0.626036
0.613898
0.603611
0.593450
0.583999
0.573787
0.563909
0.550892
0.535393
0.519624
0.504159
0.489394
0.476889
0.468860
0.462536
0.459173
0.457363
0.453837
0.449455
0.444836
0.438359
0.429937
0.423620
0.415134
0.407694
0.404695
0.402676
0.401181
0.401890
0.402445
0.401917
0.400111
0.396158
0.390482
0.386080
0.381670
0.377824
0.374749
0.372364
0.370446
0.370012
0.371448
0.374337
0.377993
0.380987
0.382921
0.385584
0.388627
0.391814
0.393158
0.393782
0.393844
0.396279
0.400342
0.402536
0.404901
0.406183
0.407887
0.410250
0.410835
0.408890
0.408947
0.410207
0.412080
0.414124
0.418464
0.423274
0.429597
0.436998
0.444043
0.448952
0.450217
0.447952
0.444853
0.441743
0.438530
0.435308
0.430607
0.427759
0.427606
0.428832
0.430645
0.431191
0.430626
0.430849
0.435887
0.442243
0.447037
0.452391
0.456825
0.461008
0.464685
0.465279
0.462556
0.457728
0.451944
0.446288
0.443347
0.442057
0.443837
0.448228
0.455345
0.465664
0.476599
0.488337
0.498353
0.509865
0.522316
0.535178
0.546228
0.553648
0.559157
0.562614
0.564761
0.563090
0.559429
0.557548
0.556880
0.559684
0.562997
0.565430
0.568274
0.570817
0.571448
0.572824
0.573356
0.570670
0.565574
0.559028
0.551394
0.543768
0.536695
0.527878
0.519709
0.514872
0.512028
0.509134
0.505072
0.500641
0.497236
0.495469
0.494497
0.492351
0.492628
0.494552
0.497378
0.500636
0.502409
0.504420
0.506864
0.508518
0.510636
0.513690
0.516895
0.521016
0.525080
0.531104
0.536494
0.541568
0.546664
0.546370
0.543747
0.538797
0.532643
0.523683
0.514289
0.504764
0.495698
0.488682
0.481563
0.475975
0.470879
0.463801
0.455520
0.445854
0.437211
0.428731
0.421143
0.414372
0.410248
0.408745
0.409263
0.409184
0.407152
0.404724
0.401880
0.398525
0.394376
0.389521
0.387539
0.388063
0.389375
0.390977
0.392016
0.393378
0.394783
0.396640
0.397315
0.397324
0.396395
0.397071
0.398022
0.400480
0.402475
0.405644
0.409877
0.412967
0.415141
0.416363
0.417851
0.417413
0.415478
0.412985
0.411202
0.411004
0.412509
0.415006
0.418319
0.422326
0.428757
0.435885
0.444639
0.455290
0.464698
0.472602
0.478587
0.483772
0.488027
0.491325
0.491717
0.489819
0.489451
0.491786
0.492697
0.495272
0.498543
0.503179
0.509878
0.516192
0.520974
0.526815
0.533198
0.538299
