# Fatigue Labels (0=alert, 1=fatigued)
0.119233
0.149089
0.177563
0.194524
0.220294
0.250505
0.277601
0.304634
0.325717
0.334196
0.341663
0.345522
0.348147
0.354996
0.363182
0.376487
0.389799
0.401495
0.409210
0.415059
0.420093
0.421074
0.421203
0.419197
0.415427
0.410783
0.407721
0.403683
0.398082
0.392695
0.386689
0.381027
0.376750
0.373270
0.368529
0.361950
0.355789
0.351278
0.346940
0.341473
0.335567
0.330711
0.326273
0.321929
0.318556
0.313472
0.308530
0.307771
0.308510
0.311434
0.318900
0.327998
0.339103
0.350804
0.363232
0.373825
0.382491
0.389478
0.394109
0.396129
0.398114
0.400020
0.402493
0.404802
0.409420
0.415058
0.419586
0.424409
0.429820
0.434999
0.437688
0.438829
0.438811
0.437105
0.437958
0.438316
0.437669
0.439155
0.442106
0.445089
0.446464
0.447966
0.449382
0.453016
0.459012
0.466840
0.476494
0.489350
0.504342
0.520299
0.534690
0.546453
0.556371
0.564103
0.572279
0.578234
0.582521
0.589962
0.598190
0.610407
0.625558
0.642401
0.661157
0.680397
0.701371
0.722021
0.740764
0.756873
0.771050
0.784710
0.797399
0.809522
0.818949
0.826033
0.832508
0.839222
0.844579
0.850149
0.854571
0.861300
0.870156
0.881464
0.894558
0.906433
0.921431
0.937891
0.950760
0.962310
0.970761
0.977123
0.981695
0.984572
0.985533
0.985495
0.985457
0.985457
0.985059
0.984660
0.984261
0.983862
0.983463
0.982398
0.979091
0.975696
0.971648
0.968189
0.965055
0.961178
0.957302
0.956278
0.955576
0.956014
0.956452
0.955920
0.956509
0.957251
0.957764
0.958277
0.958790
0.959303
0.959817
0.960102
0.960140
0.960178
0.960178
0.960576
0.960975
0.961374
0.961773
0.962172
0.963237
0.966544
0.969939
0.973987
0.978074
0.982101
0.986794
0.991488
0.993595
0.995380
0.996026
0.996671
0.997450
0.997507
0.997507
0.997507
0.997336
0.997166
0.996995
0.996824
0.996653
0.996483
0.996312
0.996274
0.996274
0.996274
0.996274
0.994196
0.989832
0.982458
0.972236
0.958214
0.940618
0.919834
0.898437
0.875745
0.851815
0.826907
0.803596
0.780378
0.758893
0.736194
0.712371
0.688680
0.665224
0.641280
0.616859
0.591175
0.564083
0.536528
0.507693
0.479622
0.452701
0.424948
0.397143
0.371443
0.349285
0.329009
0.311076
0.295261
0.282827
0.273869
0.267669
0.260693
0.257144
0.255832
0.256433
0.257010
0.257257
0.257111
0.258040
0.259070
0.260371
0.261111
0.261805
0.263504
0.266774
0.271157
0.276218
0.282376
0.287098
0.290651
0.295510
0.299578
0.301526
0.302581
0.303320
0.305050
0.307970
0.309586
0.311075
0.312660
0.316282
0.317451
0.318575
0.318630
0.317880
0.318517
0.317369
0.315967
0.315259
0.314725
0.314641
0.314897
0.313799
0.312836
0.312662
0.311803
0.310983
0.310838
0.310222
0.309332
0.310225
0.310939
0.312245
0.314105
0.315467
0.316214
0.319026
0.321841
0.326231
0.331218
0.338290
0.347574
0.356054
0.363305
0.369440
0.373818
0.376576
0.376160
0.371361
0.364936
0.360136
0.355736
0.352405
0.350183
0.349837
0.350811
0.353514
0.355999
0.357460
0.358511
0.358739
0.358455
0.360253
0.361996
0.364797
0.366306
0.368270
0.368468
0.366715
0.361809
0.353902
0.347293
0.339923
0.333044
0.328760
0.327422
0.330563
0.336786
0.344870
0.352610
0.362545
0.370268
0.377698
0.383910
0.388549
0.391113
0.394633
0.396774
0.398491
0.402062
0.404399
0.404598
0.404687
0.403193
0.401665
0.398297
0.394671
0.393064
0.393895
0.394814
0.395624
0.397799
0.400602
0.402333
0.402682
0.400099
0.396214
0.392055
0.388764
0.385684
0.385389
0.384554
0.385134
0.386344
0.388872
0.390923
0.392241
0.392864
0.393898
0.397526
0.402178
0.407409
0.413249
0.421102
0.431155
0.440532
0.446252
0.448850
0.451302
0.455244
0.460198
0.465206
0.471240
0.477216
0.486551
0.497280
0.506284
0.511835
0.513489
0.509541
0.506452
0.502236
0.499201
0.494882
0.491243
0.490428
0.491271
0.490667
0.486898
0.481466
0.475650
0.469916
0.464259
0.457528
0.454349
0.453480
0.454646
0.455249
0.454598
0.451638
0.446776
0.443443
0.440449
0.436272
0.430576
0.424758
0.419593
0.414503
0.410879
0.404575
0.397390
0.392663
0.389517
0.386616
0.384859
0.383241
0.382491
0.382099
0.383465
0.386630
0.391348
0.395260
0.401145
0.405174
0.407552
0.409219
0.408453
0.404316
0.401033
0.397729
0.390652
0.384967
0.379179
0.374298
0.371476
0.370075
0.371666
0.375584
0.380739
0.386531
0.390584
0.393814
0.396430
0.397682
0.399483
0.400247
0.400949
0.401518
0.399133
0.393572
0.387039
0.378053
0.367107
0.358674
0.350357
0.343988
0.340574
0.338678
0.337875
0.340003
0.340650
0.342043
0.344918
0.347590
0.352652
0.358422
0.365414
0.373362
0.380336
0.383761
0.386166
0.388218
0.388570
0.385121
0.381346
0.378280
0.374751
0.373540
0.374112
0.375506
0.379397
0.385234
0.390540
0.396717
0.403804
0.410386
0.416064
0.421376
0.424486
0.427601
0.433229
0.440155
0.446783
0.450179
0.450936
0.449449
0.446539
0.442509
0.437048
0.431886
0.427244
0.426466
0.429889
0.434368
0.439848
0.446129
0.452301
0.458252
0.463339
0.464914
0.465065
0.465059
0.463495
0.461541
0.460694
0.459891
0.461157
0.465478
0.471866
0.476431
0.478433
0.481540
0.483671
0.487322
0.490045
0.490661
0.490459
0.494134
0.500002
0.507549
0.515855
0.519832
0.522113
0.524148
0.525840
0.525070
0.522392
0.518268
0.514468
0.512747
0.511816
0.511344
0.511395
0.510697
0.509945
0.507186
0.504278
0.501502
0.499221
0.495939
0.491656
0.487985
0.484109
0.479937
0.475247
0.472176
0.469228
0.464719
0.459203
0.450844
0.445025
0.442496
0.442891
0.442035
0.440799
0.442449
0.446023
0.453200
0.461631
0.469932
0.475738
0.482137
0.490322
0.499472
0.508352
0.512724
0.513013
0.511118
0.512713
0.516426
0.522195
0.528547
0.536221
0.546283
0.555002
0.561432
0.567932
0.573418
0.579153
0.586716
0.594990
0.603430
0.616244
0.632981
0.649286
0.665790
0.680341
0.692761
0.704650
0.718784
0.729317
0.737986
0.745181
0.752474
0.762536
0.774224
0.785874
0.798480
0.810893
0.822052
0.832434
0.843467
0.855362
0.869601
0.884977
0.899923
0.914830
0.929699
0.942375
0.952384
0.958695
0.961183
0.961679
0.961679
0.961717
0.961755
0.961793
0.961830
0.963050
0.967180
0.971462
0.975951
0.980537
0.985123
0.990052
0.994980
0.997491
0.998175
0.998860
0.999202
0.999545
0.999545
0.999602
0.999659
0.999716
0.999772
0.999829
0.999886
0.999943
1.000000
1.000000
1.000000
1.000000
1.000000
1.000000
1.000000
1.000000
1.000000
1.000000
1.000000
1.000000
1.000000
1.000000
1.000000
1.000000
1.000000
1.000000
1.000000
1.000000
1.000000
1.000000
1.000000
1.000000
1.000000
1.000000
1.000000
1.000000
1.000000
1.000000
1.000000
1.000000
1.000000
1.000000
1.000000
1.000000
1.000000
1.000000
1.000000
1.000000
1.000000
1.000000
1.000000
1.000000
1.000000
1.000000
1.000000
1.000000
1.000000
1.000000
1.000000
1.000000
1.000000
1.000000
1.000000
1.000000
1.000000
1.000000
1.000000
1.000000
1.000000
1.000000
1.000000
1.000000
1.000000
1.000000
1.000000
1.000000
1.000000
1.000000
1.000000
1.000000
1.000000
1.000000
1.000000
1.000000
1.000000
1.000000
1.000000
1.000000
1.000000
1.000000
1.000000
1.000000
1.000000
1.000000
1.000000
1.000000
1.000000
1.000000
1.000000
1.000000
1.000000
1.000000
1.000000
1.000000
1.000000
1.000000
1.000000
1.000000
1.000000
1.000000
1.000000
1.000000
1.000000
1.000000
1.000000
1.000000
1.000000
1.000000
1.000000
1.000000
1.000000
1.000000
1.000000
1.000000
1.000000
1.000000
1.000000
1.000000
1.000000
1.000000
1.000000
1.000000
1.000000
1.000000
1.000000
1.000000
1.000000
1.000000
1.000000
1.000000
1.000000
1.000000
1.000000
1.000000
1.000000
1.000000
1.000000
1.000000
1.000000
1.000000
1.000000
1.000000
1.000000
1.000000
1.000000
1.000000
1.000000
1.000000
1.000000
1.000000
1.000000
1.000000
1.000000
1.000000
1.000000
1.000000
1.000000
1.000000
1.000000
1.000000
1.000000
1.000000
1.000000
1.000000
1.000000
1.000000
1.000000
1.000000
1.000000
1.000000
1.000000
1.000000
1.000000
1.000000
1.000000
1.000000
1.000000
1.000000
1.000000
1.000000
1.000000
1.000000
1.000000
1.000000
1.000000
1.000000
1.000000
1.000000
1.000000
1.000000
1.000000
1.000000
1.000000
1.000000
1.000000
1.000000
1.000000
1.000000
1.000000
1.000000
1.000000
1.000000
1.000000
1.000000
1.000000
1.000000
1.000000
1.000000
1.000000
1.000000
1.000000
1.000000
1.000000
1.000000
1.000000
1.000000
1.000000
1.000000
1.000000
1.000000
1.000000
1.000000
