# Fatigue Labels (0=alert, 1=fatigued)
0.082083
0.086700
0.100730
0.101264
0.096319
0.090921
0.090054
0.090508
0.092107
0.093189
0.092557
0.092491
0.093145
0.094998
0.095389
0.096016
0.096049
0.096072
0.094776
0.092551
0.089983
0.088570
0.088009
0.087754
0.087719
0.088770
0.089826
0.090205
0.090758
0.090716
0.090993
0.093425
0.097036
0.100734
0.105687
0.111376
0.117139
0.123805
0.130239
0.136683
0.145240
0.154198
0.162738
0.171205
0.179111
0.187066
0.194068
0.199226
0.203661
0.208484
0.212754
0.217494
0.221906
0.225014
0.227275
0.228179
0.229239
0.230491
0.231390
0.231220
0.230029
0.226514
0.223619
0.221054
0.217561
0.215267
0.212955
0.210080
0.207217
0.202360
0.196421
0.191297
0.185166
0.180079
0.175709
0.173944
0.175611
0.178986
0.183626
0.190993
0.200247
0.212059
0.227020
0.244028
0.265210
0.287744
0.307118
0.325433
0.341902
0.354528
0.365087
0.371256
0.372773
0.373370
0.373001
0.372759
0.372370
0.371999
0.372066
0.372409
0.373268
0.376704
0.380882
0.385833
0.390673
0.396784
0.406170
0.419129
0.432983
0.445225
0.458075
0.468253
0.473793
0.474116
0.473102
0.474902
0.478610
0.484644
0.495149
0.511516
0.535621
0.563649
0.591919
0.619974
0.647341
0.675341
0.702984
0.729997
0.756673
0.783310
0.808649
0.832676
0.855476
0.876834
0.895770
0.910792
0.921557
0.928749
0.934653
0.937771
0.941274
0.948069
0.956399
0.964730
0.973060
0.981391
0.989721
0.996195
0.999410
0.998820
0.998229
0.997639
0.997049
0.996459
0.995868
0.995868
0.995868
0.995868
0.995868
0.995868
0.995868
0.995868
0.995868
0.995868
0.995868
0.995868
0.995868
0.995868
0.995868
0.995868
0.995868
0.995868
0.995868
0.995868
0.995868
0.995868
0.995868
0.996459
0.997049
0.997639
0.998229
0.998820
0.999410
1.000000
1.000000
1.000000
1.000000
1.000000
1.000000
1.000000
1.000000
0.999287
0.995918
0.992548
0.989179
0.985809
0.982440
0.979070
0.975701
0.974530
0.974530
0.974530
0.974530
0.974530
0.974530
0.974530
0.974530
0.974530
0.974530
0.974530
0.974530
0.974530
0.974530
0.974530
0.974530
0.974530
0.974530
0.974378
0.974226
0.974074
0.974634
0.977851
0.981068
0.984286
0.987655
0.991025
0.994394
0.997764
0.998934
0.998934
0.998934
0.998934
0.998934
0.998934
0.998934
0.998934
0.998934
0.998934
0.998934
0.998934
0.998934
0.998934
0.998934
0.998934
0.998934
0.998934
0.999086
0.999239
0.999391
0.999543
0.999695
0.999848
1.000000
1.000000
1.000000
1.000000
1.000000
1.000000
1.000000
1.000000
1.000000
1.000000
1.000000
1.000000
1.000000
1.000000
1.000000
1.000000
1.000000
1.000000
1.000000
1.000000
1.000000
1.000000
1.000000
1.000000
1.000000
1.000000
1.000000
1.000000
1.000000
1.000000
1.000000
1.000000
1.000000
1.000000
1.000000
1.000000
1.000000
1.000000
1.000000
1.000000
1.000000
1.000000
1.000000
1.000000
1.000000
1.000000
1.000000
1.000000
1.000000
1.000000
1.000000
1.000000
1.000000
0.999801
0.998946
0.998091
0.997237
0.996382
0.995528
0.994673
0.993818
0.993818
0.993818
0.993818
0.993818
0.993818
0.993818
0.993818
0.993818
0.993818
0.991576
0.987038
0.978994
0.967649
0.953564
0.935925
0.915959
0.892710
0.868750
0.842382
0.815242
0.787294
0.758477
0.729238
0.698934
0.668810
0.639516
0.610830
0.582455
0.553927
0.524694
0.495322
0.466857
0.438739
0.410360
0.381960
0.352945
0.324467
0.295774
0.267685
0.240913
0.216711
0.195043
0.176968
0.162394
0.150483
0.142161
0.135927
0.132939
0.131513
0.131697
0.132850
0.135139
0.139189
0.142930
0.145201
0.147036
0.148022
0.148598
0.149610
0.151067
0.151664
0.151933
0.153131
0.154886
0.157780
0.159826
0.163059
0.168282
0.174731
0.182248
0.190311
0.196805
0.203679
0.209349
0.214437
0.218141
0.220768
0.222604
0.223740
0.225055
0.227267
0.228593
0.229252
0.230382
0.232563
0.235078
0.238406
0.239591
0.240359
0.239879
0.238980
0.236245
0.232552
0.227869
0.222541
0.216085
0.209310
0.202521
0.196155
0.189761
0.184039
0.178182
0.172887
0.168728
0.165015
0.162332
0.159036
0.155392
0.151296
0.146302
0.141021
0.136671
0.132721
0.128062
0.123993
0.120148
0.117825
0.115672
0.115100
0.114320
0.112883
0.111680
0.111076
0.111932
0.114347
0.117207
0.119170
0.120469
0.122172
0.123675
0.125535
0.125800
0.124692
0.123597
0.122668
0.123130
0.125076
0.127878
0.130375
0.133329
0.136152
0.138225
0.139249
0.138860
0.136491
0.134012
0.131047
0.127429
0.124071
0.122264
0.121867
0.120679
0.119155
0.116462
0.115120
0.115232
0.116001
0.116450
0.116760
0.116460
0.118648
0.121418
0.121760
0.120867
0.118844
0.115470
0.111929
0.108485
0.105198
0.101419
0.097895
0.094641
0.092649
0.092041
0.091677
0.091375
0.091136
0.091478
0.092419
0.092432
0.092889
0.093121
0.094171
0.093509
0.092080
0.090401
0.089268
0.088349
0.087738
0.086533
0.084483
0.084652
0.084665
0.084417
0.085116
0.087340
0.090846
0.094107
0.098084
0.102572
0.107359
0.112125
0.116225
0.119489
0.123644
0.128387
0.133208
0.137415
0.141676
0.146052
0.149659
0.150575
0.150930
0.151527
0.151371
0.150565
0.149586
0.148112
0.146461
0.145703
0.145553
0.145371
0.146707
0.147309
0.146794
0.145411
0.143894
0.142210
0.139274
0.135713
0.132567
0.129896
0.127003
0.123583
0.120362
0.116622
0.113541
0.110395
0.110730
0.113338
0.118545
0.124102
0.128956
0.134422
0.139390
0.142486
0.143039
0.142919
0.143103
0.141862
0.141642
0.141009
0.140221
0.139994
0.139746
0.140514
0.140624
0.142024
0.143727
0.145437
0.146939
0.148601
0.149136
0.149501
0.149669
0.149443
0.149178
0.145460
0.140203
0.135000
0.129892
0.125597
0.123133
0.121245
0.121357
0.124498
0.128015
0.130812
0.133894
0.134837
0.134801
0.133993
0.131862
0.129516
0.127008
0.125433
0.123084
0.120936
0.117883
0.115048
0.112587
0.111519
0.110249
0.109315
0.108918
0.109068
0.109277
0.109543
0.109745
0.109650
0.110047
0.108031
0.106457
0.105456
0.106055
0.107614
0.108578
0.109367
0.111364
0.114183
0.118467
0.122909
0.125730
0.127622
0.129468
0.131463
0.133182
0.137167
0.141844
0.145617
0.149037
0.152491
0.156202
0.159405
0.161284
0.161080
0.160212
0.158898
0.157537
0.155276
0.153206
0.150946
0.147884
0.143868
0.138931
0.134972
0.131494
0.128713
0.125522
0.121594
0.117048
0.113332
0.109788
0.105921
0.102836
0.100310
0.096574
0.092678
0.090323
0.088845
0.087650
0.086544
0.084912
0.083483
0.083861
0.085822
0.086319
0.086703
0.087082
0.087688
0.088671
0.091196
0.094000
0.099876
0.105757
0.112492
0.119345
0.126500
0.132718
0.137964
0.141918
0.144195
0.146629
0.148077
0.150109
0.151245
0.152407
0.153313
0.153694
0.152827
0.151853
0.151248
0.151286
0.152398
0.152770
0.153811
0.155545
0.157082
0.158494
0.160040
0.160814
0.160163
0.157650
0.154437
0.150570
0.146532
0.141183
0.136556
0.132364
0.129849
0.128471
0.127755
0.127475
0.126949
0.127028
0.126605
0.125610
0.124617
0.124059
0.123037
0.122159
0.121174
0.119190
0.117902
0.117493
0.117078
0.117721
0.118886
0.119728
0.119585
0.119347
0.117726
0.116952
0.115870
0.113961
0.112312
0.111553
0.112475
0.113976
0.115978
0.116907
0.117708
0.118903
0.119873
0.120798
0.122444
0.124601
0.127790
0.130547
0.132756
0.134110
0.135353
0.136081
0.135002
0.133728
0.131847
0.129626
0.127242
0.125743
0.124200
0.124101
0.124454
0.124741
0.125308
0.126888
0.128116
0.128307
0.128417
0.127365
0.126535
0.126660
0.125647
0.123911
0.122817
0.121900
0.122307
0.122207
0.122679
0.124106
0.127083
0.131156
0.134761
0.138417
0.140422
0.142374
0.143887
0.145196
0.144848
0.145206
0.144482
0.143132
0.141347
0.139820
0.137353
0.134498
0.131549
0.128545
0.127156
0.125979
0.124685
0.125120
0.127218
0.129260
0.131616
0.131084
0.130377
0.129911
0.128476
0.124511
0.119024
0.113817
0.109901
0.107940
0.105314
0.103553
0.102494
0.102872
0.103544
0.104252
0.104490
0.106676
0.108755
0.111999
0.114559
0.117124
0.119593
0.122120
0.123251
0.122864
0.121836
0.120134
0.118548
0.117253
0.117116
0.116344
0.115371
0.114598
0.113751
0.113459
0.112486
0.110497
0.107604
0.105214
0.102339
0.098875
0.095402
0.091035
0.086840
0.084426
0.081224
0.078508
0.075671
0.074223
0.073299
0.072716
0.071126
0.070605
0.071099
0.070675
0.069467
0.068183
0.067628
0.067337
0.067660
0.068039
0.068575
0.071234
0.074348
0.077518
0.080695
0.083721
0.087091
0.090751
0.096211
0.101756
0.107522
0.113381
0.117544
0.121105
0.124152
0.125674
0.124828
