# Fatigue Labels (0=alert, 1=fatigued)
0.022067
0.032239
0.032187
0.030505
0.030731
0.027592
0.026295
0.025842
0.024887
0.025025
0.025663
0.026670
0.027534
0.029438
0.031527
0.032726
0.034309
0.035779
0.037349
0.039251
0.041205
0.043713
0.045801
0.048365
0.051369
0.053906
0.056394
0.058537
0.061102
0.063359
0.066421
0.068770
0.071152
0.073487
0.075422
0.076766
0.077673
0.078543
0.079011
0.079267
0.078851
0.078433
0.078363
0.078141
0.077715
0.076943
0.075964
0.074741
0.073356
0.072148
0.070367
0.069080
0.067106
0.065209
0.063767
0.062854
0.061710
0.060586
0.060039
0.058953
0.058375
0.057810
0.056975
0.056607
0.056353
0.056597
0.056891
0.058176
0.060147
0.064008
0.067338
0.070282
0.073201
0.075942
0.077648
0.078916
0.080033
0.079924
0.079855
0.080226
0.080151
0.080498
0.081136
0.081930
0.082026
0.082851
0.082716
0.082459
0.082147
0.082322
0.081979
0.082814
0.083126
0.083471
0.084047
0.084879
0.085084
0.084507
0.082119
0.079541
0.076899
0.074099
0.072129
0.070332
0.069412
0.069026
0.069716
0.074063
0.082765
0.094671
0.109840
0.124829
0.139662
0.154988
0.168083
0.177297
0.181921
0.183045
0.182481
0.182884
0.182144
0.181671
0.181663
0.180947
0.179945
0.179558
0.179002
0.178701
0.178933
0.180169
0.181959
0.183838
0.185474
0.188015
0.194873
0.205935
0.214127
0.221718
0.230516
0.238407
0.246582
0.251159
0.252085
0.250800
0.252058
0.253925
0.255798
0.260883
0.267955
0.279423
0.292883
0.310703
0.332387
0.356236
0.378632
0.398030
0.413921
0.427571
0.437162
0.441844
0.442398
0.442555
0.441517
0.435839
0.425385
0.413551
0.397858
0.378018
0.355544
0.332026
0.312340
0.297105
0.290377
0.288206
0.290057
0.297153
0.306609
0.317739
0.328848
0.338390
0.341607
0.340901
0.339164
0.335141
0.330614
0.325437
0.317917
0.309656
0.305776
0.304551
0.304025
0.302848
0.301768
0.301465
0.301776
0.301462
0.299886
0.298836
0.298014
0.297159
0.295206
0.288377
0.279725
0.270820
0.260337
0.245040
0.225764
0.202678
0.179433
0.158399
0.136944
0.114233
0.095544
0.080406
0.069340
0.062380
0.058802
0.055090
0.052486
0.050226
0.047906
0.045810
0.043698
0.041294
0.039774
0.039458
0.038898
0.038540
0.037971
0.038016
0.038698
0.038490
0.037902
0.038006
0.038734
0.039517
0.039849
0.039494
0.039096
0.039390
0.039420
0.037974
0.036711
0.035237
0.034282
0.033606
0.033004
0.032578
0.033204
0.034368
0.035742
0.036969
0.038135
0.039147
0.040153
0.040655
0.041338
0.042460
0.043470
0.044172
0.044907
0.046255
0.046759
0.047398
0.046549
0.045637
0.044931
0.044249
0.043456
0.042959
0.042747
0.042583
0.042863
0.043315
0.043664
0.044372
0.044974
0.044543
0.044056
0.043220
0.042299
0.041667
0.041230
0.040623
0.040502
0.040602
0.041020
0.042081
0.043209
0.045263
0.047618
0.049533
0.051690
0.054357
0.056088
0.058389
0.058943
0.059799
0.060457
0.060857
0.062355
0.063448
0.063880
0.064701
0.065418
0.065828
0.066485
0.066737
0.066902
0.067494
0.067616
0.067367
0.067076
0.066599
0.065963
0.064600
0.062741
0.061041
0.058544
0.056189
0.054463
0.052577
0.051208
0.050236
0.048788
0.048566
0.049921
0.055732
0.066592
0.080805
0.099782
0.123623
0.151953
0.184699
0.217687
0.250467
0.283725
0.317210
0.350502
0.384037
0.417520
0.451005
0.484689
0.518353
0.551999
0.585014
0.617763
0.650343
0.682460
0.714366
0.745868
0.777413
0.809728
0.842163
0.874869
0.905802
0.932624
0.954985
0.973035
0.986497
0.995543
1.000000
1.000000
1.000000
1.000000
1.000000
1.000000
1.000000
1.000000
1.000000
1.000000
1.000000
1.000000
1.000000
1.000000
1.000000
1.000000
1.000000
1.000000
1.000000
1.000000
1.000000
1.000000
1.000000
0.998994
0.994055
0.985234
0.972305
0.955383
0.934807
0.911352
0.884111
0.855298
0.826962
0.799105
0.771547
0.743686
0.714594
0.684533
0.654415
0.624164
0.592625
0.560516
0.528311
0.496602
0.465101
0.434520
0.403655
0.372913
0.342114
0.311149
0.280041
0.248751
0.218483
0.191776
0.168943
0.149855
0.134887
0.123672
0.115159
0.110894
0.106864
0.102359
0.097402
0.091974
0.086852
0.082792
0.080826
0.078842
0.077161
0.076785
0.077409
0.077980
0.078473
0.077952
0.075650
0.073464
0.071380
0.070194
0.069709
0.069139
0.068551
0.067762
0.067324
0.066738
0.066231
0.064373
0.062661
0.061621
0.060588
0.061353
0.062253
0.063111
0.063952
0.064756
0.065522
0.065108
0.064357
0.062875
0.061353
0.059372
0.057519
0.055248
0.053685
0.053950
0.054784
0.055397
0.055189
0.054929
0.054670
0.054833
0.054118
0.053395
0.053668
0.055276
0.058262
0.060831
0.062716
0.064555
0.065975
0.066200
0.065879
0.064666
0.063489
0.062516
0.061583
0.061800
0.062769
0.063923
0.065053
0.066189
0.067590
0.068940
0.068949
0.068224
0.067539
0.066571
0.065132
0.064552
0.063710
0.064067
0.065095
0.065333
0.064813
0.064866
0.065133
0.065203
0.064619
0.063421
0.062967
0.063305
0.064223
0.064122
0.063996
0.064324
0.063916
0.063361
0.062130
0.060565
0.059844
0.058864
0.059224
0.060018
0.061128
0.065880
0.075484
0.088518
0.104921
0.124643
0.147667
0.173140
0.197950
0.218553
0.233926
0.245917
0.256722
0.268083
0.280987
0.296755
0.316189
0.340383
0.369751
0.402207
0.430887
0.455556
0.479741
0.504442
0.529529
0.553787
0.578040
0.603955
0.633195
0.664686
0.692490
0.715705
0.735286
0.750867
0.761663
0.766242
0.763416
0.757306
0.751079
0.744764
0.737394
0.727370
0.719125
0.713486
0.706227
0.697018
0.687717
0.678845
0.671504
0.669544
0.672453
0.676907
0.685584
0.694398
0.703211
0.712025
0.717986
0.720559
0.720901
0.721244
0.721586
0.721683
0.721036
0.721897
0.725533
0.732637
0.740082
0.747932
0.756320
0.766029
0.776361
0.780290
0.776095
0.768934
0.758828
0.744624
0.725910
0.702316
0.677097
0.651222
0.624398
0.593324
0.562105
0.529505
0.497903
0.466945
0.437026
0.407136
0.378440
0.350979
0.324483
0.298989
0.272220
0.244248
0.217163
0.193784
0.173345
0.156459
0.142449
0.131877
0.126005
0.124045
0.123377
0.123053
0.122049
0.120654
0.119531
0.118607
0.116694
0.114591
0.113122
0.111664
0.112128
0.112207
0.111640
0.109209
0.107972
0.105932
0.102049
0.097445
0.091570
0.087143
0.084163
0.080902
0.077907
0.075430
0.073449
0.072333
0.071245
0.070120
0.069429
0.069160
0.069270
0.069988
0.070703
0.071017
0.070741
0.071027
0.072186
0.072476
0.073432
0.073864
0.073478
0.073141
0.077355
0.084170
0.094974
0.110056
0.129722
0.154997
0.184694
0.216825
0.249201
0.281156
0.313283
0.345413
0.376876
0.408475
0.439714
0.471150
0.502909
0.534944
0.566979
0.599336
0.632108
0.664852
0.697821
0.729950
0.762339
0.794060
0.825764
0.857672
0.889534
0.917671
0.941982
0.961915
0.978177
0.990046
0.997321
1.000000
1.000000
1.000000
1.000000
1.000000
1.000000
1.000000
1.000000
1.000000
1.000000
1.000000
1.000000
1.000000
1.000000
1.000000
1.000000
1.000000
1.000000
1.000000
1.000000
1.000000
1.000000
1.000000
1.000000
1.000000
0.999962
0.999924
0.999886
0.999848
0.999810
0.999772
0.999734
0.999734
0.999734
0.999734
0.999734
0.998375
0.996358
0.994341
0.989774
0.984883
0.978375
0.969434
0.960517
0.952490
0.944405
0.937775
0.932507
0.927982
0.924653
0.919201
0.909833
0.897427
0.880968
0.860002
0.834906
0.805961
0.774924
0.743341
0.711449
0.679707
0.648429
0.617114
0.585779
0.554790
0.524376
0.494511
0.463620
0.435032
0.406709
0.379621
0.355157
0.330747
0.305410
0.280102
0.253298
0.225070
0.196112
0.165936
0.138398
0.114853
0.094345
0.078827
0.067816
0.060933
0.058039
0.056754
0.055766
0.055031
0.054083
0.052226
0.050597
0.049217
0.047125
0.046010
0.044793
0.044702
0.044848
0.044971
0.045051
0.044939
0.044997
0.045090
0.045108
0.045361
0.045274
0.045401
0.045556
0.045384
0.044697
0.044014
0.042260
0.040549
0.038611
0.036821
0.036241
0.035719
0.035805
0.037026
0.038656
0.040092
0.041299
0.042315
0.043153
0.044814
0.044927
0.045520
0.046191
0.047282
0.048587
0.049832
0.050368
0.050470
0.050077
0.049820
0.049348
0.048863
0.047999
0.047789
0.047633
0.047602
0.047566
0.048178
0.048289
0.047923
0.047539
0.046351
0.044590
0.042846
0.041112
0.039189
0.037761
0.036314
0.034254
0.033414
0.034630
0.040433
0.050600
0.064957
0.083721
0.107791
0.136988
0.170563
0.204403
0.238230
0.272065
0.306091
0.339902
0.373654
0.407416
0.441179
0.474521
0.508077
0.541383
0.574899
0.607112
0.635520
0.659535
0.679639
0.697153
0.710197
0.718766
0.723833
