# Fatigue Labels (0=alert, 1=fatigued)
0.159117
0.158489
0.131220
0.129619
0.142978
0.152920
0.159829
0.160303
0.162453
0.164721
0.165031
0.158904
0.154983
0.159407
0.165639
0.169106
0.171772
0.175104
0.180762
0.190924
0.200762
0.208953
0.216176
0.223492
0.231209
0.236900
0.239185
0.239845
0.242411
0.244587
0.245949
0.246775
0.247397
0.247474
0.247521
0.247329
0.248840
0.251024
0.254280
0.255290
0.253578
0.252150
0.250091
0.249230
0.250088
0.254633
0.260855
0.266495
0.269033
0.272769
0.275144
0.276331
0.275528
0.269840
0.266445
0.265795
0.265265
0.263486
0.261386
0.259497
0.258648
0.257993
0.262121
0.268919
0.276862
0.284937
0.292355
0.298709
0.306011
0.312213
0.313955
0.315376
0.313783
0.311762
0.306533
0.298618
0.289480
0.278243
0.265385
0.254683
0.246002
0.238772
0.235402
0.233013
0.231067
0.232269
0.234226
0.237020
0.239535
0.241483
0.243234
0.240574
0.236116
0.231144
0.225359
0.218626
0.213756
0.209626
0.206563
0.206886
0.206547
0.206257
0.204197
0.200851
0.199516
0.200676
0.206289
0.214568
0.222237
0.230776
0.240734
0.250818
0.258438
0.263511
0.264847
0.265624
0.265089
0.263448
0.260652
0.257221
0.253243
0.248125
0.242244
0.237486
0.233631
0.228350
0.221861
0.216158
0.210790
0.206177
0.202332
0.200318
0.201502
0.203930
0.205605
0.205171
0.203236
0.201410
0.197501
0.190064
0.182487
0.174402
0.168759
0.165749
0.163724
0.162644
0.162997
0.163475
0.164748
0.166768
0.166944
0.166758
0.167607
0.169738
0.172706
0.175505
0.178583
0.182799
0.189002
0.196321
0.201098
0.202149
0.202640
0.203464
0.204362
0.202417
0.201061
0.200218
0.201541
0.203395
0.204820
0.204637
0.203195
0.201156
0.197267
0.192663
0.191057
0.191334
0.194760
0.203152
0.213323
0.222883
0.231548
0.240818
0.249157
0.254354
0.257443
0.257195
0.256847
0.257299
0.259168
0.258939
0.256902
0.254922
0.253476
0.251161
0.248294
0.244329
0.242350
0.243685
0.248844
0.254919
0.262084
0.271123
0.280766
0.286878
0.289476
0.287123
0.281156
0.274228
0.268565
0.265667
0.262626
0.261431
0.263586
0.266298
0.270849
0.272566
0.272718
0.272553
0.273960
0.274675
0.273914
0.274486
0.275114
0.276274
0.277330
0.276121
0.273328
0.269671
0.265748
0.260910
0.255839
0.252524
0.250480
0.249964
0.252552
0.255400
0.257733
0.257867
0.255060
0.250484
0.244521
0.235786
0.227594
0.220321
0.216174
0.213451
0.210760
0.208532
0.208196
0.208741
0.209832
0.211126
0.212207
0.214125
0.215639
0.216375
0.215950
0.215889
0.213241
0.209497
0.204526
0.199906
0.195232
0.188728
0.182226
0.176086
0.170647
0.165455
0.162849
0.161620
0.162465
0.163922
0.165068
0.167034
0.170316
0.172639
0.173560
0.173324
0.172397
0.171657
0.170907
0.169828
0.168851
0.168342
0.170386
0.172989
0.175628
0.179192
0.186516
0.196520
0.209134
0.225262
0.244671
0.267822
0.291469
0.314578
0.334007
0.349811
0.363597
0.376617
0.387232
0.395959
0.404078
0.411303
0.422259
0.434285
0.447174
0.461064
0.475857
0.487849
0.499590
0.512684
0.521810
0.526373
0.526683
0.523751
0.525153
0.522995
0.517546
0.509095
0.498568
0.487356
0.473821
0.459264
0.444020
0.435050
0.427065
0.418930
0.410731
0.406800
0.403802
0.401424
0.398605
0.395867
0.394530
0.396480
0.398055
0.399313
0.405832
0.415914
0.425616
0.441895
0.462122
0.486872
0.514504
0.539332
0.565345
0.591724
0.618375
0.643593
0.666863
0.689493
0.713172
0.738043
0.759896
0.782272
0.805895
0.830097
0.851734
0.872432
0.891010
0.910041
0.926895
0.938674
0.945759
0.952059
0.957440
0.960741
0.960959
0.960311
0.958673
0.957428
0.955733
0.954456
0.953180
0.951903
0.950703
0.949659
0.948191
0.947265
0.944693
0.941663
0.937947
0.931688
0.922863
0.911303
0.897075
0.883243
0.869347
0.852751
0.834813
0.817542
0.801371
0.784917
0.766607
0.747397
0.726195
0.704444
0.683887
0.662098
0.640237
0.619784
0.598506
0.577045
0.556232
0.534906
0.512110
0.490639
0.468532
0.447616
0.426493
0.405045
0.385508
0.367559
0.350643
0.334107
0.316152
0.298375
0.283984
0.270839
0.257729
0.245906
0.236070
0.228790
0.222523
0.218328
0.216679
0.214149
0.210802
0.206276
0.199537
0.192987
0.186302
0.178231
0.169715
0.162696
0.155291
0.148511
0.142007
0.136868
0.132230
0.128163
0.126617
0.126428
0.128679
0.131680
0.135927
0.139719
0.143997
0.146425
0.147973
0.149242
0.150551
0.151735
0.152542
0.151958
0.151163
0.150780
0.152115
0.154405
0.157422
0.161179
0.164834
0.170055
0.176048
0.181779
0.186557
0.191864
0.195803
0.200164
0.205926
0.209271
0.212890
0.216225
0.220567
0.224575
0.229524
0.233746
0.238235
0.244582
0.250364
0.256082
0.261156
0.264907
0.268649
0.271555
0.274127
0.275486
0.276425
0.275430
0.274403
0.273701
0.271697
0.268513
0.266486
0.264307
0.261415
0.259211
0.257903
0.255394
0.254453
0.254825
0.255675
0.256650
0.257013
0.257649
0.258291
0.259195
0.258384
0.256670
0.254249
0.252828
0.251099
0.248068
0.246530
0.245670
0.244250
0.242101
0.240005
0.237394
0.235468
0.237261
0.242617
0.248916
0.255655
0.264718
0.276900
0.288636
0.298288
0.304764
0.309213
0.313774
0.317422
0.318179
0.315932
0.314983
0.316453
0.315353
0.313403
0.310967
0.307879
0.305840
0.304093
0.300378
0.298789
0.298621
0.300791
0.305820
0.312751
0.323063
0.332993
0.339629
0.344269
0.348528
0.352317
0.349977
0.345428
0.340539
0.336950
0.331713
0.326323
0.319875
0.317182
0.317239
0.316480
0.313382
0.312776
0.313036
0.313053
0.312124
0.309748
0.308376
0.309503
0.308975
0.307166
0.304583
0.301723
0.297916
0.290843
0.279572
0.267376
0.256541
0.246557
0.234606
0.225636
0.219307
0.217075
0.218485
0.223356
0.228191
0.234502
0.240929
0.249466
0.255706
0.261540
0.265599
0.269390
0.274562
0.280260
0.285356
0.288848
0.290290
0.291437
0.292724
0.292794
0.291192
0.289572
0.290662
0.295049
0.300607
0.303453
0.306741
0.314314
0.321940
0.326264
0.326693
0.327530
0.328016
0.328702
0.325778
0.320575
0.312649
0.307884
0.303544
0.298840
0.295713
0.291251
0.286556
0.284082
0.284436
0.286156
0.286039
0.285422
0.286777
0.288955
0.290542
0.287530
0.281475
0.275607
0.271825
0.267483
0.259736
0.252506
0.248098
0.246068
0.241655
0.236347
0.229957
0.225118
0.222282
0.219650
0.216527
0.216345
0.219366
0.222011
0.226874
0.233124
0.239773
0.243465
0.246147
0.250605
0.256211
0.259431
0.262772
0.265334
0.269419
0.274680
0.278119
0.279440
0.281078
0.282736
0.282413
0.281613
0.279774
0.277349
0.275036
0.273268
0.271672
0.270429
0.269193
0.267699
0.265105
0.263103
0.261298
0.259611
0.257187
0.253766
0.251648
0.249189
0.246053
0.241353
0.237942
0.235120
0.232133
0.230237
0.227896
0.227702
0.228430
0.228648
0.226759
0.225271
0.223887
0.222851
0.222166
0.220695
0.220026
0.220446
0.222220
0.225337
0.228557
0.230044
0.230463
0.232357
0.233859
0.235777
0.235956
0.234111
0.233139
0.231531
0.229254
0.225703
0.219869
0.214858
0.209203
0.205891
0.203167
0.200872
0.198528
0.197560
0.196949
0.196991
0.196368
0.193557
0.191306
0.188825
0.187973
0.188897
0.189121
0.188697
0.189322
0.190334
0.191157
0.190961
0.187352
0.182189
0.179211
0.178166
0.178816
0.181505
0.185037
0.191106
0.198405
0.205879
0.211873
0.215082
0.217564
0.219389
0.219252
0.218233
0.216007
0.214078
0.213820
0.213898
0.213629
0.212536
0.209499
0.207096
0.205569
0.204382
0.203565
0.202021
0.200441
0.200313
0.203409
0.204957
0.205439
0.205929
0.206160
0.206382
0.207703
0.207468
0.207005
0.206124
0.204101
0.202057
0.200160
0.199033
0.199562
0.200816
0.202975
0.205051
0.206968
0.208270
0.209820
0.208677
0.204982
0.200132
0.194189
0.189697
0.185091
0.180598
0.177393
0.174834
0.173524
0.171908
0.168960
0.165051
0.162857
0.158252
0.154164
0.149682
0.144976
0.142707
0.140446
0.139626
0.140979
0.142553
0.144293
0.147508
0.151909
0.157538
0.162850
0.165735
0.169181
0.173788
0.179119
0.183889
0.187746
0.191692
0.195556
0.199364
0.202875
0.206971
0.209859
0.214099
0.219006
0.222647
0.226514
0.230257
0.234328
0.240888
0.248393
0.254979
0.261450
0.265961
0.269859
0.273185
0.273441
0.271027
0.267005
0.264417
0.264729
0.265818
0.266443
0.267214
0.269280
0.270503
0.271610
0.271775
0.270938
0.270544
0.268449
0.266800
0.263552
0.259097
0.253511
0.246980
0.240304
0.232679
0.223312
0.213194
0.204582
0.195179
0.186764
0.180024
0.175828
0.175887
0.178129
0.181136
0.184236
0.187176
0.188320
0.188275
