# Fatigue Labels (0=alert, 1=fatigued)
0.318650
0.328861
0.323213
0.310426
0.313385
0.311300
0.309028
0.307444
0.306282
0.304695
0.303137
0.299341
0.293729
0.291543
0.289230
0.287062
0.285014
0.282247
0.279607
0.276877
0.275026
0.272690
0.267966
0.262549
0.257099
0.252478
0.248167
0.244385
0.242681
0.242724
0.242738
0.245024
0.248678
0.251823
0.255150
0.258541
0.261891
0.266958
0.273967
0.278968
0.283976
0.290031
0.296681
0.301657
0.307111
0.311162
0.315652
0.320220
0.324670
0.329161
0.334720
0.341917
0.350388
0.359153
0.366547
0.372981
0.379005
0.383177
0.385205
0.386287
0.385579
0.384178
0.383332
0.382593
0.381706
0.380595
0.378305
0.373338
0.368649
0.364081
0.358227
0.352132
0.348350
0.345295
0.343778
0.344051
0.344181
0.345120
0.346536
0.347995
0.347566
0.347303
0.347998
0.349615
0.353061
0.356305
0.358386
0.361536
0.365683
0.369068
0.371809
0.374257
0.376549
0.379004
0.382275
0.385455
0.389628
0.395148
0.399899
0.404660
0.409114
0.412579
0.415138
0.416913
0.416994
0.416963
0.415714
0.413917
0.411453
0.409972
0.408074
0.405967
0.403467
0.401111
0.399851
0.399532
0.398038
0.394864
0.392424
0.390449
0.388653
0.386884
0.384528
0.383261
0.382554
0.383124
0.383363
0.383376
0.381813
0.380436
0.379337
0.377626
0.374959
0.372319
0.370297
0.370407
0.371267
0.372114
0.373173
0.374614
0.376196
0.378140
0.378324
0.377045
0.375863
0.376140
0.377397
0.378806
0.381025
0.382949
0.385437
0.389338
0.391961
0.394537
0.396804
0.399301
0.401576
0.404912
0.408523
0.411790
0.415663
0.420349
0.424595
0.428345
0.430261
0.431639
0.432239
0.431701
0.429013
0.425612
0.423356
0.422591
0.423394
0.424826
0.427506
0.430855
0.434036
0.436561
0.438535
0.439511
0.439610
0.438460
0.437675
0.437901
0.436828
0.435813
0.434694
0.432321
0.429761
0.426595
0.422486
0.419120
0.416861
0.415921
0.414823
0.415249
0.416185
0.420526
0.424890
0.428047
0.429839
0.430942
0.430305
0.428572
0.425902
0.423045
0.419437
0.416942
0.414303
0.411595
0.410247
0.407598
0.402839
0.399360
0.396077
0.393432
0.392671
0.393443
0.395514
0.399165
0.402803
0.405778
0.407903
0.410255
0.411086
0.412632
0.413062
0.413394
0.414129
0.415555
0.416879
0.420233
0.423132
0.425974
0.428964
0.433440
0.437123
0.441080
0.445697
0.449192
0.452996
0.457547
0.462219
0.467022
0.470684
0.473071
0.474393
0.474999
0.475112
0.473814
0.472060
0.470215
0.468083
0.467097
0.465894
0.463024
0.460475
0.458060
0.454315
0.452029
0.447413
0.442792
0.438973
0.436447
0.432007
0.427841
0.424316
0.419459
0.417225
0.415688
0.414141
0.413033
0.412741
0.413874
0.416402
0.418795
0.420526
0.424792
0.432598
0.442939
0.455525
0.470839
0.488066
0.508323
0.530125
0.551795
0.572985
0.595016
0.615503
0.636860
0.658164
0.679015
0.698861
0.719340
0.739681
0.759750
0.780739
0.800212
0.818083
0.835607
0.852670
0.868790
0.884491
0.899375
0.914418
0.930180
0.944957
0.957451
0.967734
0.976290
0.982176
0.985957
0.986624
0.986624
0.986624
0.986624
0.986624
0.986624
0.986624
0.986624
0.986624
0.986624
0.986624
0.986624
0.986624
0.986624
0.986624
0.988062
0.989795
0.991529
0.993262
0.994995
0.996729
0.998462
1.000000
1.000000
0.998369
0.996482
0.994594
0.992707
0.990820
0.988932
0.987045
0.985565
0.985565
0.985565
0.985565
0.985565
0.985565
0.985565
0.985565
0.985565
0.983471
0.977900
0.969815
0.958423
0.943775
0.926169
0.906380
0.885821
0.865746
0.846678
0.830643
0.818192
0.808674
0.803313
0.799837
0.798518
0.797732
0.795698
0.790691
0.782493
0.771728
0.756180
0.737746
0.717287
0.695989
0.674537
0.653971
0.633226
0.611737
0.593906
0.581244
0.571336
0.564256
0.560395
0.559349
0.559993
0.562283
0.562428
0.560403
0.555798
0.547039
0.534749
0.520391
0.503156
0.483966
0.464956
0.447010
0.431503
0.419836
0.410920
0.405489
0.402959
0.401924
0.400948
0.402249
0.405894
0.412738
0.422714
0.434355
0.446898
0.462807
0.481279
0.497979
0.511755
0.522989
0.530882
0.537634
0.542567
0.545270
0.546652
0.548667
0.550097
0.552301
0.555070
0.558505
0.563652
0.571280
0.581043
0.592999
0.607966
0.626282
0.644514
0.662767
0.675570
0.683023
0.684805
0.682150
0.673615
0.659447
0.641339
0.621830
0.604880
0.590689
0.578688
0.569055
0.565280
0.564992
0.566324
0.569626
0.572948
0.576727
0.583824
0.590366
0.593221
0.594966
0.595021
0.591140
0.586343
0.579747
0.568633
0.557603
0.546302
0.540511
0.538320
0.541390
0.546509
0.552865
0.561266
0.570643
0.578776
0.586427
0.591723
0.595457
0.599457
0.603467
0.607548
0.611691
0.613575
0.614512
0.616636
0.616681
0.615793
0.616118
0.616573
0.617553
0.620584
0.621750
0.620239
0.617357
0.614218
0.611615
0.607986
0.605068
0.600451
0.595460
0.591020
0.586946
0.582061
0.578570
0.571810
0.564787
0.559468
0.552817
0.542908
0.532857
0.522490
0.512672
0.503651
0.492516
0.481336
0.471893
0.463065
0.453483
0.442567
0.431228
0.419248
0.407266
0.396152
0.384841
0.375773
0.365760
0.353626
0.341237
0.330508
0.321912
0.314819
0.307453
0.299480
0.294755
0.293341
0.292743
0.293103
0.293616
0.294136
0.295593
0.298182
0.299667
0.302274
0.303758
0.303651
0.303874
0.304143
0.304813
0.305918
0.307776
0.312017
0.318686
0.326612
0.332813
0.339590
0.346647
0.353764
0.359659
0.364301
0.368048
0.373096
0.378041
0.382079
0.385270
0.388735
0.391242
0.393763
0.394951
0.394907
0.394916
0.395867
0.396345
0.397228
0.399392
0.401668
0.404268
0.407329
0.409575
0.411967
0.413395
0.413094
0.415329
0.419053
0.422341
0.425350
0.428137
0.430921
0.434222
0.434959
0.431840
0.428795
0.426011
0.423615
0.420445
0.417511
0.414417
0.413781
0.414994
0.416953
0.419370
0.421917
0.424740
0.427555
0.431387
0.435385
0.438730
0.442476
0.445828
0.448866
0.451599
0.450390
0.447045
0.442223
0.436524
0.429679
0.423486
0.416748
0.414698
0.416307
0.418945
0.422261
0.426567
0.431049
0.437217
0.442841
0.447022
0.449790
0.452069
0.454603
0.456864
0.459447
0.460441
0.460499
0.459553
0.458756
0.457479
0.455802
0.454378
0.454811
0.456902
0.459566
0.463529
0.470140
0.478126
0.484800
0.490553
0.493331
0.494940
0.495445
0.494879
0.490990
0.487247
0.483205
0.480533
0.477956
0.476872
0.476861
0.477837
0.479410
0.479812
0.481205
0.485151
0.491018
0.496595
0.502726
0.511103
0.522498
0.535891
0.549967
0.562698
0.574768
0.583734
0.589328
0.592902
0.595218
0.596940
0.595949
0.594783
0.593690
0.594207
0.595614
0.596764
0.596330
0.597207
0.597805
0.598310
0.597823
0.596883
0.596299
0.596776
0.593441
0.588953
0.583925
0.578246
0.570363
0.559943
0.545575
0.530386
0.516351
0.502438
0.489871
0.480030
0.473325
0.468728
0.465262
0.464678
0.464442
0.465412
0.467232
0.469129
0.470546
0.472817
0.474548
0.476620
0.476648
0.475869
0.473703
0.470934
0.466467
0.463093
0.457268
0.452135
0.448704
0.444407
0.440254
0.438221
0.435926
0.434151
0.434042
0.434611
0.436189
0.438451
0.440949
0.443833
0.446886
0.447514
0.444657
0.440328
0.434822
0.429035
0.423005
0.417892
0.415590
0.416076
0.418226
0.422426
0.426993
0.432480
0.438035
0.443368
0.447748
0.450994
0.455546
0.458920
0.463408
0.467086
0.471067
0.473947
0.475986
0.476876
0.476016
0.474817
0.473768
0.472852
0.475046
0.481561
0.491980
0.502822
0.513697
0.523783
0.532651
0.537025
0.540665
0.542362
0.542801
0.543728
0.544513
0.545822
0.549213
0.552468
0.553370
0.553540
0.554283
0.552939
0.552842
0.553045
0.553343
0.553831
0.553866
0.554222
0.555293
0.555867
0.554897
0.552253
0.548167
0.541782
0.536290
0.531270
0.529729
0.527581
0.526007
0.524889
0.524459
0.524948
0.525060
0.523751
0.519925
0.515647
0.512078
0.510149
0.510527
0.510245
0.510474
0.510298
0.510111
0.509566
0.508734
0.507548
0.506284
0.504998
0.504475
0.505633
0.508124
0.512370
0.516493
0.519932
0.523550
0.524412
0.524222
0.522974
0.520744
0.518071
0.516241
0.514643
0.513571
0.514698
0.516953
0.520156
0.523084
0.524522
0.525591
0.526015
0.527086
0.528272
0.529437
0.530040
0.530665
0.531927
0.532972
0.533101
0.532585
0.529880
0.525011
0.521861
0.517856
0.512198
0.506934
0.503222
0.501009
0.498242
0.496299
0.493321
0.491194
0.489879
0.487766
0.484660
0.481561
0.479704
0.477542
0.477125
0.476716
0.475713
0.473897
0.472159
0.469907
0.468033
0.465462
0.461837
0.460434
0.459704
0.460903
0.462873
0.462990
0.463671
0.465763
0.467195
0.467621
0.467994
