# Fatigue Labels (0=alert, 1=fatigued)
0.147900
0.136072
0.136957
0.151067
0.158228
0.160780
0.158359
0.157937
0.160214
0.166827
0.170180
0.170347
0.171071
0.170294
0.172144
0.174063
0.174671
0.175789
0.176605
0.174733
0.171957
0.168320
0.164061
0.160614
0.157644
0.155321
0.153495
0.152018
0.150600
0.150044
0.149243
0.148328
0.145799
0.142821
0.140323
0.138222
0.135121
0.130995
0.126840
0.123767
0.123062
0.120911
0.118226
0.114978
0.112257
0.110964
0.108309
0.104489
0.103798
0.104980
0.107232
0.110753
0.114656
0.119101
0.123518
0.128467
0.132260
0.135414
0.135645
0.136505
0.140543
0.145562
0.150928
0.156607
0.162474
0.171813
0.181906
0.188940
0.192923
0.195124
0.197472
0.199744
0.201587
0.202745
0.204743
0.207829
0.212851
0.216567
0.218071
0.219417
0.220809
0.222443
0.224999
0.228435
0.233118
0.240477
0.247958
0.256603
0.261517
0.262049
0.262110
0.260460
0.256504
0.251648
0.244464
0.237039
0.232547
0.231133
0.228501
0.225601
0.222987
0.220978
0.218910
0.216503
0.214674
0.211776
0.208403
0.204687
0.200052
0.196749
0.194278
0.192042
0.190195
0.190472
0.192432
0.195394
0.198705
0.204075
0.207863
0.211722
0.216186
0.223166
0.233074
0.246722
0.262783
0.279018
0.294356
0.311901
0.327337
0.342124
0.355354
0.366917
0.376160
0.385456
0.396862
0.406170
0.415060
0.423133
0.432360
0.441697
0.451842
0.462777
0.472874
0.484271
0.498876
0.513631
0.529671
0.548175
0.566280
0.585610
0.604271
0.619794
0.631546
0.639416
0.645211
0.649836
0.653504
0.656571
0.660004
0.666248
0.672929
0.681903
0.690257
0.694098
0.698394
0.703146
0.706566
0.705019
0.700574
0.694098
0.684339
0.671025
0.651379
0.628575
0.604927
0.582876
0.561380
0.540115
0.519834
0.501125
0.483312
0.465265
0.446785
0.429071
0.411761
0.393618
0.377414
0.360094
0.340959
0.323505
0.305205
0.286801
0.271626
0.258728
0.246588
0.237767
0.230707
0.224564
0.219707
0.219617
0.223877
0.234131
0.247001
0.264651
0.283100
0.304501
0.324788
0.343790
0.360871
0.377744
0.395918
0.417311
0.440020
0.463462
0.489536
0.516790
0.545537
0.571558
0.593526
0.615805
0.636520
0.653401
0.667441
0.680495
0.693452
0.708697
0.724132
0.734374
0.739829
0.743924
0.744843
0.742743
0.735204
0.723806
0.711275
0.704001
0.699843
0.695416
0.693177
0.690574
0.685349
0.676571
0.665851
0.652913
0.637364
0.622529
0.610983
0.606222
0.605595
0.610732
0.621013
0.635117
0.650708
0.663634
0.674680
0.684871
0.698096
0.712371
0.724367
0.736072
0.748657
0.763035
0.779124
0.792496
0.800979
0.806990
0.813251
0.817325
0.821610
0.827253
0.833598
0.841898
0.848408
0.853440
0.856247
0.856764
0.854103
0.849629
0.842378
0.835294
0.830086
0.827964
0.829113
0.830945
0.833254
0.834190
0.835910
0.837381
0.838644
0.838494
0.837641
0.832371
0.823635
0.812966
0.799084
0.781792
0.763982
0.746172
0.730671
0.721833
0.716926
0.718052
0.726216
0.738693
0.753594
0.768666
0.781811
0.793944
0.803775
0.810545
0.813374
0.814384
0.814616
0.814963
0.816739
0.817333
0.817926
0.818481
0.819036
0.819986
0.824901
0.833810
0.845166
0.859853
0.878004
0.897015
0.916197
0.932729
0.945168
0.953879
0.959033
0.959653
0.955936
0.951610
0.946922
0.941893
0.936308
0.930379
0.923916
0.917543
0.910003
0.898913
0.884678
0.869432
0.852660
0.832663
0.811176
0.788290
0.765608
0.741467
0.717568
0.692318
0.666574
0.641062
0.615452
0.589555
0.563637
0.537218
0.511063
0.485439
0.462430
0.443007
0.424887
0.410786
0.400854
0.391070
0.384122
0.380860
0.379118
0.379460
0.384258
0.392078
0.402210
0.416366
0.433728
0.452582
0.473867
0.495159
0.517884
0.540563
0.564898
0.586954
0.609425
0.631957
0.655215
0.678568
0.701361
0.723364
0.747340
0.770440
0.791724
0.810598
0.826081
0.836118
0.848414
0.858619
0.865482
0.870446
0.876783
0.881476
0.886061
0.887058
0.884236
0.880782
0.876503
0.871824
0.866591
0.862710
0.860706
0.856412
0.851463
0.845345
0.836702
0.824596
0.808790
0.792406
0.775253
0.756452
0.736160
0.714476
0.696474
0.678466
0.661728
0.645639
0.632404
0.622154
0.616032
0.609556
0.605804
0.604190
0.604373
0.606394
0.608763
0.611729
0.613322
0.615082
0.615626
0.613491
0.615326
0.619614
0.626045
0.634295
0.641886
0.652089
0.662779
0.672151
0.679260
0.683075
0.684287
0.682930
0.682288
0.683100
0.681282
0.676743
0.671443
0.666838
0.663414
0.661042
0.656820
0.654330
0.653228
0.653876
0.655198
0.656774
0.657649
0.659799
0.662849
0.665296
0.667197
0.665655
0.661339
0.660499
0.660939
0.662126
0.665928
0.671727
0.684572
0.703995
0.723511
0.739992
0.753187
0.763775
0.771415
0.773716
0.768055
0.757770
0.744564
0.729241
0.712560
0.693483
0.671611
0.649008
0.626234
0.602520
0.575802
0.547743
0.517588
0.488063
0.461677
0.439375
0.419184
0.399448
0.383757
0.371367
0.362832
0.354525
0.344299
0.336532
0.331452
0.329930
0.330436
0.335001
0.343177
0.355235
0.371814
0.388659
0.410547
0.431234
0.449116
0.464721
0.477862
0.487812
0.495694
0.502803
0.507932
0.513960
0.522689
0.531473
0.538917
0.543770
0.547168
0.545136
0.539113
0.527090
0.511333
0.494352
0.478226
0.463012
0.446312
0.430784
0.414209
0.395779
0.377730
0.355692
0.333441
0.308341
0.284745
0.265626
0.252156
0.242687
0.239771
0.238888
0.239010
0.241966
0.244913
0.244600
0.241802
0.237074
0.230678
0.224676
0.220344
0.217241
0.215310
0.214053
0.213291
0.211448
0.209289
0.207179
0.204304
0.201433
0.200570
0.199868
0.200728
0.200033
0.199167
0.201491
0.206883
0.213405
0.221557
0.228393
0.239521
0.255992
0.274517
0.293221
0.313224
0.335063
0.359799
0.387505
0.416905
0.443855
0.466520
0.487040
0.503202
0.517801
0.528657
0.537830
0.545882
0.557985
0.572914
0.590806
0.610571
0.632698
0.656426
0.679598
0.699516
0.714967
0.725863
0.731820
0.732301
0.726516
0.715097
0.700099
0.683114
0.663949
0.642879
0.622550
0.605433
0.591365
0.581139
0.577528
0.577351
0.583130
0.589832
0.597134
0.602480
0.608565
0.608060
0.605426
0.598532
0.589434
0.578885
0.566767
0.554091
0.538396
0.520468
0.500235
0.481011
0.463697
0.450483
0.438382
0.427820
0.419387
0.413964
0.410721
0.406926
0.398909
0.384093
0.368035
0.348263
0.327205
0.307137
0.287662
0.270016
0.255137
0.243148
0.234889
0.226520
0.219437
0.210847
0.200520
0.190279
0.180394
0.170818
0.163270
0.158482
0.153649
0.151177
0.148102
0.146187
0.145456
0.145559
0.144696
0.144434
0.144014
0.143583
0.145905
0.147899
0.150760
0.155066
0.159920
0.167587
0.178290
0.193227
0.209809
0.228244
0.249436
0.270613
0.292178
0.311679
0.331475
0.350905
0.372560
0.394771
0.418497
0.443549
0.470840
0.500141
0.530440
0.559859
0.586628
0.611066
0.634573
0.657077
0.678943
0.696857
0.711029
0.722744
0.732874
0.737403
0.737879
0.734396
0.729355
0.724668
0.717676
0.706130
0.696308
0.688934
0.683747
0.679166
0.675709
0.673789
0.675504
0.679952
0.684664
0.687239
0.688440
0.687544
0.684574
0.680412
0.674041
0.663214
0.649991
0.633371
0.617225
0.602694
0.588950
0.578211
0.570795
0.564487
0.559189
0.552376
0.540842
0.530623
0.521182
0.507968
0.492905
0.478174
0.462085
0.445220
0.428327
0.409257
0.386749
0.364286
0.342237
0.320143
0.299129
0.279761
0.260018
0.245582
0.239636
0.240679
0.249344
0.264339
0.285633
0.312608
0.340130
0.366561
0.392783
0.418035
0.441774
0.466317
0.489227
0.512671
0.537615
0.563004
0.588497
0.615543
0.643211
0.669734
0.694837
0.717153
0.737551
0.757294
0.775786
0.793676
0.810520
0.830004
0.849920
0.867106
0.881233
0.892006
0.900735
0.905620
0.907389
0.906718
0.905571
0.904836
0.904068
0.902863
0.899101
0.894549
0.888005
0.880646
0.873722
0.865578
0.858048
0.849235
0.839451
0.828653
0.818925
0.807526
0.791702
0.773767
0.752445
0.732227
0.711760
0.689674
0.666182
0.641370
0.616321
0.590443
0.564411
0.536463
0.509048
0.481305
0.454841
0.431284
0.410407
0.395445
0.384690
0.379254
0.377907
0.377834
0.382409
0.388244
0.396696
0.406499
0.417659
0.430671
0.446728
0.467557
0.490257
0.515752
0.540981
0.566706
0.592678
0.618539
0.644186
0.669402
0.693706
0.716864
0.737752
0.756219
0.775280
0.793260
0.810064
0.825446
0.838329
0.848096
0.854048
0.853870
0.847852
0.834387
0.815489
0.792193
0.764324
0.736246
0.707216
0.677497
0.647903
0.619038
0.590090
0.561639
0.533531
0.506243
0.478807
0.451855
0.424749
0.398792
0.373636
0.351669
0.331095
0.309866
0.287789
0.264117
