# Fatigue Labels (0=alert, 1=fatigued)
0.143067
0.130133
0.136710
0.136905
0.128463
0.122003
0.116524
0.110726
0.109339
0.108012
0.104010
0.102478
0.102265
0.102537
0.104880
0.104353
0.103567
0.102809
0.100993
0.098949
0.096551
0.094656
0.093587
0.092245
0.091722
0.091510
0.091171
0.091935
0.092257
0.092422
0.092006
0.090805
0.089641
0.090231
0.091184
0.093894
0.095961
0.098133
0.099147
0.101070
0.102098
0.102566
0.100957
0.098778
0.096550
0.095140
0.094339
0.093252
0.092425
0.093241
0.094038
0.095167
0.096319
0.096668
0.097493
0.098411
0.097945
0.097898
0.098168
0.098433
0.099529
0.100115
0.100121
0.100293
0.099495
0.098275
0.096815
0.096788
0.096668
0.097830
0.099415
0.102356
0.106001
0.109802
0.113284
0.116752
0.121106
0.125078
0.128387
0.131463
0.134305
0.137435
0.140911
0.143581
0.145391
0.146450
0.147384
0.148043
0.148197
0.147802
0.146791
0.145145
0.143861
0.141965
0.140052
0.139229
0.137484
0.135468
0.133018
0.130043
0.127668
0.125231
0.122885
0.121632
0.120829
0.119188
0.118367
0.117902
0.116603
0.116228
0.114799
0.111934
0.109150
0.106951
0.105690
0.103547
0.103560
0.104482
0.106475
0.110822
0.116437
0.121972
0.128008
0.133517
0.136857
0.139019
0.140112
0.140075
0.140034
0.138925
0.137266
0.135941
0.133386
0.130097
0.127414
0.124983
0.121750
0.120351
0.119241
0.118578
0.119968
0.121438
0.121573
0.122825
0.124284
0.123010
0.120844
0.117263
0.113217
0.108195
0.104129
0.099467
0.095843
0.094662
0.095242
0.096853
0.098517
0.101353
0.103736
0.107436
0.110824
0.113903
0.116968
0.121502
0.125468
0.129048
0.131310
0.133167
0.135954
0.137577
0.138436
0.139571
0.139875
0.141419
0.142760
0.144209
0.146613
0.150278
0.154187
0.157175
0.160824
0.164920
0.168897
0.172168
0.174244
0.176732
0.177843
0.180806
0.183126
0.184810
0.186659
0.190241
0.190998
0.192409
0.194124
0.195916
0.196333
0.196160
0.196934
0.196901
0.198728
0.201250
0.203308
0.206350
0.211095
0.215372
0.217739
0.219886
0.220837
0.219356
0.217277
0.214419
0.209177
0.204775
0.200398
0.196765
0.192970
0.190110
0.187726
0.185617
0.182642
0.180944
0.178859
0.176694
0.175051
0.172834
0.170298
0.167202
0.166177
0.165701
0.164330
0.165222
0.166627
0.168745
0.171663
0.174477
0.175732
0.178423
0.183131
0.185436
0.186411
0.188382
0.191059
0.195370
0.199437
0.201973
0.202698
0.205018
0.207437
0.208813
0.210683
0.210429
0.209941
0.209326
0.212043
0.214715
0.219887
0.223814
0.227550
0.232311
0.236579
0.239766
0.241303
0.243295
0.246475
0.254293
0.261889
0.268367
0.276450
0.285983
0.295264
0.304082
0.312240
0.321368
0.333443
0.347171
0.359789
0.371079
0.382025
0.389237
0.396147
0.400904
0.405457
0.408080
0.412689
0.415810
0.422725
0.431017
0.439927
0.449170
0.460883
0.471952
0.483868
0.491434
0.491928
0.490409
0.488914
0.485166
0.479718
0.474067
0.465865
0.458334
0.450101
0.442455
0.436519
0.432576
0.432792
0.437067
0.448372
0.465174
0.485870
0.506202
0.523344
0.535628
0.543653
0.545724
0.543571
0.536046
0.523302
0.507194
0.491933
0.474432
0.459816
0.446291
0.434334
0.423476
0.415011
0.408542
0.404534
0.403239
0.403125
0.404883
0.404594
0.402352
0.398342
0.391369
0.380532
0.366520
0.347555
0.327132
0.307591
0.290303
0.276176
0.264824
0.255307
0.246275
0.240580
0.237134
0.235014
0.233672
0.233951
0.236545
0.242384
0.248382
0.254161
0.260384
0.266361
0.270184
0.272574
0.272119
0.270016
0.266197
0.261369
0.255335
0.249656
0.244068
0.236726
0.231144
0.226484
0.222376
0.221333
0.223950
0.228589
0.235398
0.243872
0.251978
0.260576
0.267756
0.269720
0.267117
0.261818
0.255853
0.250210
0.246977
0.247558
0.251707
0.261433
0.275897
0.293710
0.313408
0.334560
0.353190
0.372473
0.391950
0.410725
0.430506
0.451469
0.470341
0.490682
0.508172
0.521436
0.534811
0.545498
0.552111
0.557279
0.562210
0.565744
0.572019
0.578058
0.581946
0.585522
0.589590
0.591375
0.590909
0.588487
0.584018
0.579157
0.574520
0.570439
0.568749
0.571724
0.576895
0.582510
0.590101
0.597484
0.602577
0.608720
0.610937
0.611702
0.609856
0.605732
0.603861
0.604951
0.609526
0.614902
0.620156
0.627089
0.637086
0.647548
0.656782
0.665040
0.673108
0.683035
0.693874
0.705980
0.716393
0.726663
0.735373
0.741043
0.745369
0.747389
0.749152
0.750046
0.750255
0.751418
0.753942
0.757963
0.763459
0.768622
0.771037
0.771020
0.767414
0.759583
0.749708
0.741598
0.732167
0.725717
0.724336
0.725253
0.728945
0.731830
0.730563
0.727859
0.723017
0.717532
0.708644
0.696578
0.685408
0.677220
0.670685
0.664130
0.657765
0.652580
0.650851
0.651441
0.651478
0.652088
0.656167
0.663594
0.673034
0.686716
0.704026
0.721667
0.738655
0.756580
0.772132
0.784313
0.795759
0.804051
0.813301
0.826310
0.838632
0.848535
0.856635
0.863087
0.868609
0.870936
0.866868
0.858568
0.847296
0.835794
0.823244
0.807858
0.789616
0.769470
0.748024
0.725643
0.702430
0.676698
0.649951
0.623464
0.599595
0.578401
0.558448
0.538530
0.519724
0.502186
0.484883
0.466540
0.443711
0.419248
0.394436
0.371045
0.347247
0.325880
0.305880
0.288471
0.275006
0.265196
0.256641
0.249911
0.245250
0.242684
0.243578
0.246197
0.249197
0.252349
0.255748
0.257452
0.256425
0.255037
0.253825
0.252244
0.250743
0.248984
0.246680
0.244308
0.243072
0.241178
0.238301
0.235802
0.232106
0.231034
0.230089
0.230001
0.230453
0.229977
0.228489
0.225831
0.222013
0.216257
0.209491
0.201965
0.194042
0.189207
0.188426
0.191032
0.197282
0.205352
0.215345
0.227097
0.237234
0.243786
0.251606
0.261666
0.273519
0.286375
0.300970
0.315701
0.331420
0.346187
0.358966
0.373581
0.388917
0.404496
0.420953
0.439385
0.460518
0.484993
0.508352
0.530326
0.549587
0.567884
0.584185
0.595070
0.600810
0.602785
0.601664
0.596209
0.588945
0.579398
0.571555
0.564716
0.556370
0.551109
0.547888
0.546643
0.547390
0.547691
0.548357
0.549085
0.544857
0.536941
0.524821
0.510291
0.494585
0.476741
0.455740
0.435387
0.414807
0.396545
0.379102
0.363534
0.350650
0.342644
0.336520
0.334351
0.336466
0.341874
0.349699
0.356624
0.360397
0.364469
0.367709
0.369661
0.369600
0.368096
0.368401
0.370676
0.375571
0.379930
0.386478
0.396353
0.406675
0.414991
0.422118
0.427330
0.432767
0.438002
0.440763
0.442493
0.440703
0.438957
0.437665
0.437891
0.436358
0.431624
0.423790
0.415168
0.409110
0.403318
0.396341
0.388842
0.380775
0.374814
0.373264
0.373780
0.376398
0.380631
0.389020
0.399018
0.411239
0.424905
0.439614
0.455047
0.468994
0.483301
0.497278
0.514893
0.533409
0.549618
0.562615
0.573346
0.581501
0.588418
0.592734
0.592651
0.593365
0.596306
0.600007
0.603480
0.606047
0.607560
0.607257
0.603389
0.597187
0.590527
0.582894
0.576455
0.572052
0.565025
0.556153
0.546419
0.533805
0.521460
0.505429
0.488945
0.470694
0.453672
0.440722
0.429787
0.419147
0.412340
0.407434
0.402316
0.400726
0.399949
0.398682
0.397001
0.394194
0.388462
0.383663
0.378726
0.372543
0.364405
0.352845
0.340479
0.326173
0.308983
0.291855
0.276177
0.261287
0.248741
0.239712
0.232126
0.225141
0.219357
0.212255
0.204986
0.199080
0.194823
0.189174
0.185326
0.186724
0.189400
0.191891
0.193806
0.197999
0.205636
0.216911
0.228405
0.241048
0.255502
0.271467
0.286625
0.298028
0.306654
0.313347
0.318701
0.322554
0.325048
0.327393
0.327595
0.329064
0.330317
0.330189
0.330041
0.328585
0.328343
0.331445
0.334670
0.337426
0.338740
0.339597
0.341822
0.346538
0.348129
0.344971
0.338178
0.330998
0.322933
0.313890
0.301324
0.287677
0.275729
0.266654
0.258484
0.251347
0.246516
0.244117
0.241641
0.240824
0.239974
0.239140
0.239270
0.240032
0.241932
0.241422
0.237576
0.235200
0.235272
0.239290
0.243359
0.245941
0.244898
0.245230
0.245491
0.245956
0.241976
0.236070
0.230390
0.227250
0.227672
0.230618
0.235253
0.241067
0.248334
0.255479
0.262037
0.270520
0.280041
0.290307
0.304331
0.321105
0.341202
0.359980
0.380281
0.400670
0.414661
0.423658
0.425813
0.424833
0.422141
0.418324
0.409610
0.402875
0.397870
0.395050
0.392654
0.390873
0.389543
0.388364
0.387632
0.388364
0.390147
0.390648
0.389799
0.388205
0.384317
0.379154
0.371634
0.358540
0.342320
0.326259
0.314563
0.306073
0.299521
0.298541
0.303079
0.311803
0.322108
0.331361
0.339374
0.352524
0.365984
0.378699
0.390226
0.402396
0.415695
0.431885
0.447886
0.460372
0.468701
0.476882
0.489280
