# Fatigue Labels (0=alert, 1=fatigued)
0.105167
0.105872
0.098567
0.090836
0.089674
0.089465
0.090560
0.094417
0.100203
0.106554
0.110850
0.114460
0.117762
0.121004
0.124678
0.125615
0.126105
0.125966
0.126598
0.127070
0.128403
0.129033
0.129016
0.129430
0.129624
0.129405
0.129070
0.128004
0.126719
0.125236
0.123029
0.121287
0.119433
0.116994
0.117281
0.117913
0.120730
0.125526
0.129866
0.133497
0.136630
0.139089
0.140302
0.140405
0.139098
0.138498
0.138517
0.138483
0.138875
0.139018
0.139622
0.140536
0.141211
0.141741
0.142155
0.142602
0.143566
0.144656
0.144661
0.147070
0.152264
0.160882
0.170066
0.177485
0.187999
0.196053
0.204507
0.215395
0.227029
0.241064
0.259860
0.280439
0.304634
0.334526
0.364548
0.394034
0.423550
0.453286
0.482920
0.513467
0.543915
0.573439
0.602731
0.632689
0.662593
0.692426
0.721916
0.750573
0.773316
0.789015
0.797774
0.801607
0.800730
0.792572
0.779745
0.765355
0.749042
0.732309
0.713405
0.690802
0.667037
0.640749
0.611542
0.581058
0.550226
0.519959
0.490429
0.460897
0.430794
0.400331
0.370580
0.341674
0.312845
0.282255
0.251307
0.220355
0.190746
0.164606
0.141871
0.124113
0.111432
0.103281
0.099439
0.099863
0.101293
0.102626
0.103064
0.104131
0.104845
0.105677
0.107464
0.110603
0.115028
0.120265
0.125145
0.128643
0.131556
0.133517
0.135085
0.136259
0.136790
0.137126
0.138749
0.140944
0.144359
0.148378
0.154873
0.162090
0.167773
0.173087
0.177306
0.180917
0.184312
0.185153
0.184634
0.184092
0.182978
0.181939
0.181205
0.179997
0.176418
0.173271
0.172088
0.171321
0.171528
0.172855
0.175522
0.179980
0.184409
0.187276
0.189133
0.191239
0.192154
0.191622
0.190591
0.186540
0.182934
0.178856
0.173837
0.169205
0.165600
0.161079
0.158303
0.155459
0.153607
0.151875
0.150783
0.149499
0.149972
0.155259
0.162295
0.168767
0.178846
0.192340
0.209578
0.228644
0.247986
0.268471
0.293751
0.321665
0.349806
0.378294
0.407013
0.434729
0.460167
0.481528
0.499460
0.513494
0.524717
0.531079
0.534308
0.536007
0.537599
0.538437
0.538594
0.538031
0.537409
0.534237
0.526718
0.516511
0.504663
0.488775
0.470160
0.447875
0.423455
0.398093
0.372572
0.344997
0.316868
0.288412
0.260266
0.231624
0.203913
0.179280
0.157966
0.140603
0.126186
0.114998
0.110480
0.113268
0.119896
0.131636
0.147842
0.167411
0.191682
0.218608
0.247828
0.279684
0.311699
0.343719
0.375548
0.405793
0.434891
0.463793
0.492324
0.519516
0.545777
0.570951
0.596453
0.624086
0.652213
0.680661
0.706160
0.729208
0.748151
0.764628
0.776941
0.783301
0.782321
0.776602
0.765988
0.751515
0.733362
0.710694
0.685610
0.658243
0.629618
0.601992
0.574366
0.547493
0.521723
0.496753
0.472618
0.448797
0.425493
0.402916
0.380286
0.358613
0.334254
0.311006
0.286234
0.263430
0.245013
0.229597
0.216699
0.209569
0.206310
0.208340
0.213426
0.218560
0.223397
0.228766
0.234702
0.239755
0.244917
0.247444
0.248970
0.251129
0.252461
0.253267
0.253922
0.253688
0.252792
0.252060
0.251223
0.250724
0.251825
0.256251
0.263311
0.275525
0.291602
0.309095
0.330845
0.355584
0.380400
0.404985
0.428479
0.451458
0.475979
0.500963
0.526256
0.551151
0.576538
0.602079
0.629533
0.657062
0.683959
0.710928
0.737509
0.763978
0.790502
0.817374
0.844278
0.870647
0.896731
0.920257
0.941332
0.958661
0.972362
0.983101
0.990399
0.994527
0.996949
0.997712
0.998475
0.999237
1.000000
1.000000
1.000000
1.000000
1.000000
1.000000
1.000000
1.000000
1.000000
1.000000
1.000000
1.000000
1.000000
1.000000
1.000000
1.000000
1.000000
1.000000
1.000000
1.000000
1.000000
1.000000
1.000000
1.000000
1.000000
1.000000
1.000000
1.000000
1.000000
1.000000
1.000000
1.000000
1.000000
1.000000
1.000000
1.000000
1.000000
1.000000
1.000000
1.000000
1.000000
1.000000
0.999201
0.997393
0.993530
0.986644
0.977354
0.965918
0.952251
0.936404
0.918225
0.898901
0.879253
0.859691
0.838998
0.817264
0.794855
0.771802
0.747953
0.724316
0.700906
0.679028
0.657066
0.635999
0.615060
0.593558
0.571699
0.549511
0.524632
0.498807
0.471442
0.443348
0.415689
0.390865
0.368579
0.348849
0.331897
0.319268
0.309532
0.301558
0.294741
0.288232
0.281431
0.275977
0.269236
0.262501
0.256278
0.250956
0.244706
0.238068
0.229290
0.220623
0.210646
0.200830
0.191291
0.181936
0.172952
0.167049
0.162444
0.159638
0.159166
0.158949
0.157991
0.157051
0.155399
0.152295
0.146689
0.140766
0.135149
0.129854
0.124891
0.120524
0.116825
0.115694
0.116778
0.117514
0.117572
0.118352
0.119518
0.122250
0.125813
0.128934
0.131532
0.134553
0.138536
0.142717
0.144176
0.144559
0.143582
0.141550
0.140757
0.140870
0.141355
0.143109
0.146168
0.149630
0.153026
0.155549
0.156189
0.155836
0.154410
0.152060
0.149557
0.145269
0.141363
0.138485
0.135331
0.131772
0.127337
0.123057
0.119506
0.116791
0.114746
0.112337
0.110217
0.110171
0.110117
0.111856
0.113082
0.113633
0.112626
0.111517
0.109539
0.107302
0.104860
0.101117
0.098818
0.097425
0.096755
0.096643
0.097013
0.097261
0.098227
0.099253
0.099751
0.100497
0.101363
0.102453
0.102403
0.102252
0.101747
0.100601
0.099317
0.097450
0.095690
0.094339
0.092467
0.091161
0.089417
0.088441
0.087695
0.088097
0.090498
0.097425
0.109680
0.125965
0.146579
0.169143
0.195442
0.224716
0.252451
0.279708
0.307002
0.334368
0.362898
0.392582
0.420988
0.451413
0.482067
0.510853
0.539474
0.567807
0.596195
0.625705
0.655540
0.684467
0.713197
0.742919
0.772487
0.802023
0.830570
0.856835
0.874714
0.886149
0.889678
0.885891
0.876346
0.859722
0.835737
0.811054
0.786744
0.762446
0.737551
0.710948
0.682278
0.654134
0.624154
0.594164
0.564530
0.534629
0.504332
0.473998
0.442661
0.411126
0.381493
0.352582
0.323114
0.294289
0.265707
0.238048
0.212184
0.190475
0.170341
0.155245
0.144065
0.136648
0.133409
0.133711
0.135729
0.137252
0.139563
0.142624
0.145830
0.149044
0.152309
0.155099
0.157326
0.160128
0.162124
0.164206
0.166303
0.168429
0.170617
0.171125
0.171592
0.171759
0.172438
0.173475
0.177126
0.179309
0.181925
0.186507
0.193462
0.204180
0.217269
0.231952
0.249251
0.271403
0.297441
0.323553
0.349514
0.375556
0.402562
0.429963
0.457783
0.486176
0.514268
0.543433
0.573247
0.603084
0.632924
0.662899
0.693386
0.723117
0.753869
0.783329
0.812060
0.837253
0.862176
0.886582
0.909536
0.929144
0.944702
0.958155
0.969304
0.977248
0.980895
0.980779
0.978836
0.973991
0.965409
0.953090
0.936668
0.917583
0.894813
0.869112
0.841603
0.813269
0.784926
0.755850
0.727003
0.697765
0.668646
0.639122
0.609811
0.581098
0.552597
0.524472
0.496243
0.469079
0.440652
0.411684
0.382047
0.352313
0.323279
0.294624
0.265581
0.236780
0.211890
0.191670
0.175626
0.163903
0.154676
0.148748
0.147160
0.148773
0.151131
0.153862
0.157328
0.160620
0.164486
0.168578
0.171816
0.173228
0.173030
0.172637
0.171868
0.171172
0.169529
0.168900
0.168804
0.169479
0.169636
0.170163
0.169772
0.169954
0.170634
0.169853
0.170472
0.174741
0.182412
0.193920
0.210101
0.228227
0.249306
0.272658
0.294881
0.317517
0.340099
0.361514
0.382681
0.403440
0.425948
0.451733
0.477502
0.503270
0.529069
0.556500
0.585821
0.615150
0.643294
0.672051
0.700730
0.729949
0.758983
0.788228
0.817925
0.845917
0.870351
0.891166
0.908311
0.921168
0.931662
0.937810
0.941425
0.945804
0.949768
0.953732
0.958679
0.963639
0.969301
0.974963
0.978489
0.982014
0.985540
0.989066
0.990843
0.990843
0.990843
0.991661
0.992480
0.993299
0.994118
0.994937
0.995756
0.996575
0.997108
0.997108
0.997108
0.997108
0.997108
0.997108
0.997108
0.997108
0.997108
0.997108
0.997108
0.997108
0.997470
0.997831
0.998193
0.998554
0.998916
0.999277
0.999639
1.000000
1.000000
1.000000
1.000000
1.000000
1.000000
1.000000
1.000000
0.999817
0.999633
0.999146
0.996890
0.994386
0.991883
0.989379
0.986876
0.984556
0.982540
0.980995
0.980995
0.980995
0.980995
0.980995
0.980995
0.980995
0.980995
0.980995
0.980995
0.980995
0.980995
0.980995
0.977218
0.970005
0.959217
0.944743
0.926061
0.905267
0.881339
0.855025
0.829155
0.805490
0.781844
0.758543
0.734418
0.708734
0.683441
0.657603
0.630509
0.602214
0.574172
0.546243
0.518163
0.489546
0.460964
0.432149
0.403740
0.374034
0.343637
0.313598
0.283678
0.257326
0.234552
0.215000
0.199371
0.188682
0.180354
0.175095
0.172045
0.169459
0.166086
0.162813
0.159047
0.155435
0.152982
