# Fatigue Labels (0=alert, 1=fatigued)
0.044100
0.044567
0.054537
0.068031
0.080935
0.089155
0.092013
0.087594
0.082936
0.079290
0.079920
0.081986
0.084335
0.086058
0.084832
0.085499
0.085936
0.086312
0.085504
0.084147
0.082334
0.080815
0.078188
0.076072
0.073781
0.071512
0.069429
0.068351
0.068087
0.069232
0.070756
0.072349
0.074111
0.075986
0.076904
0.077081
0.076429
0.075607
0.074398
0.073034
0.071445
0.070872
0.071291
0.071364
0.071836
0.072615
0.073257
0.074528
0.076388
0.077997
0.079094
0.080375
0.081294
0.082311
0.083552
0.084891
0.084856
0.085151
0.084615
0.083552
0.082266
0.080821
0.078784
0.077424
0.076734
0.076763
0.077499
0.078588
0.079774
0.081017
0.083024
0.084977
0.086744
0.089051
0.090993
0.093175
0.094813
0.095641
0.096725
0.097868
0.099101
0.100088
0.100480
0.101064
0.101562
0.103089
0.105111
0.108227
0.112196
0.116281
0.120799
0.125016
0.127914
0.130045
0.131456
0.130770
0.130019
0.128827
0.128783
0.128294
0.128107
0.128240
0.127293
0.126295
0.125166
0.124275
0.123942
0.123779
0.122921
0.123105
0.123725
0.125241
0.126071
0.127537
0.127951
0.127823
0.126825
0.124846
0.123155
0.120794
0.117782
0.115611
0.114134
0.113557
0.114128
0.114095
0.115037
0.115536
0.115880
0.115589
0.116483
0.117644
0.118901
0.120449
0.121799
0.122955
0.123310
0.123488
0.123026
0.122172
0.120701
0.120114
0.118675
0.119049
0.120170
0.120211
0.120372
0.119975
0.120118
0.121933
0.123197
0.123563
0.123274
0.123461
0.125047
0.126595
0.127421
0.128080
0.130751
0.133226
0.136025
0.139167
0.141273
0.144168
0.146612
0.148160
0.149932
0.151709
0.153206
0.154903
0.156049
0.157741
0.158880
0.159794
0.161022
0.162333
0.163873
0.164953
0.164970
0.165289
0.166803
0.168091
0.170370
0.172468
0.173849
0.174961
0.176755
0.176449
0.174714
0.172102
0.170270
0.169152
0.168375
0.167640
0.168117
0.168630
0.168693
0.169220
0.169597
0.169707
0.168753
0.167597
0.166551
0.166112
0.165616
0.164244
0.163361
0.163430
0.163729
0.164006
0.164210
0.163117
0.161080
0.158903
0.155930
0.152250
0.149597
0.147585
0.145755
0.143400
0.142385
0.140721
0.139314
0.137778
0.136775
0.135594
0.136374
0.136817
0.137614
0.139902
0.143338
0.147897
0.152794
0.157707
0.163624
0.170036
0.176840
0.183251
0.189042
0.194257
0.198887
0.204051
0.208470
0.213437
0.216811
0.219438
0.221860
0.224679
0.226614
0.226830
0.227296
0.228743
0.230827
0.232571
0.235791
0.239865
0.244725
0.250225
0.254962
0.258305
0.261239
0.264251
0.265172
0.265232
0.264860
0.263363
0.261090
0.257980
0.254655
0.252080
0.249221
0.247734
0.246259
0.246070
0.246563
0.247004
0.249855
0.253065
0.256430
0.259470
0.261859
0.263849
0.266275
0.269601
0.271898
0.275497
0.279131
0.282621
0.287167
0.290121
0.292789
0.294924
0.295819
0.294644
0.295374
0.297732
0.302141
0.308202
0.313923
0.318571
0.322040
0.326309
0.329279
0.330353
0.330411
0.327848
0.326326
0.325509
0.325828
0.325193
0.324302
0.323026
0.319663
0.314497
0.307979
0.301508
0.296844
0.294599
0.294957
0.296951
0.304283
0.316430
0.333157
0.347328
0.363166
0.378960
0.392130
0.405172
0.418114
0.428633
0.438122
0.450207
0.463703
0.477766
0.491032
0.502974
0.512866
0.521316
0.529429
0.535148
0.538921
0.543067
0.547920
0.553645
0.559122
0.562821
0.565161
0.564079
0.561805
0.556671
0.547018
0.533852
0.520886
0.503616
0.485095
0.468344
0.454069
0.442124
0.433624
0.425258
0.415383
0.405849
0.395706
0.384968
0.373996
0.364055
0.354182
0.345316
0.337967
0.333075
0.328914
0.324023
0.320334
0.317486
0.316084
0.315445
0.318072
0.319161
0.320447
0.321253
0.323037
0.325964
0.328950
0.331016
0.333682
0.334705
0.333796
0.332341
0.331014
0.329703
0.327949
0.328168
0.331647
0.337232
0.344677
0.354036
0.364440
0.378539
0.393820
0.408051
0.421809
0.434149
0.443032
0.450179
0.452661
0.452618
0.451362
0.448635
0.447479
0.444913
0.442339
0.444381
0.447850
0.449845
0.452353
0.456375
0.463218
0.471686
0.479432
0.485745
0.493593
0.499485
0.507009
0.515294
0.524459
0.534278
0.545076
0.555007
0.565466
0.578390
0.590412
0.604631
0.619214
0.635906
0.652756
0.671903
0.692624
0.713916
0.736429
0.758554
0.777207
0.795576
0.815247
0.834139
0.852280
0.867921
0.882376
0.898725
0.916610
0.932050
0.944520
0.951341
0.953476
0.950676
0.943715
0.930758
0.915230
0.898372
0.881251
0.865744
0.852755
0.841775
0.833547
0.826134
0.818130
0.810168
0.800188
0.789818
0.777134
0.763396
0.748410
0.732098
0.715166
0.698108
0.681207
0.664322
0.646233
0.627113
0.608254
0.594617
0.583958
0.577190
0.572054
0.571329
0.573150
0.576939
0.583478
0.588179
0.590939
0.591143
0.588535
0.583233
0.579665
0.575717
0.570157
0.565722
0.560212
0.556234
0.553453
0.551056
0.548075
0.546205
0.545713
0.548895
0.554804
0.563904
0.576085
0.590350
0.604950
0.621345
0.636860
0.653201
0.667589
0.681894
0.694743
0.705644
0.716715
0.728114
0.739550
0.751789
0.762482
0.771249
0.781713
0.793746
0.806672
0.821064
0.836237
0.853279
0.871444
0.891519
0.911103
0.929434
0.943934
0.955693
0.964681
0.971621
0.976323
0.978831
0.979155
0.979155
0.979155
0.979030
0.978744
0.979806
0.980869
0.981932
0.982994
0.984057
0.985120
0.987957
0.990170
0.991299
0.989430
0.985717
0.980539
0.973343
0.963717
0.951507
0.936896
0.922303
0.909524
0.898304
0.889140
0.880852
0.874813
0.870867
0.866599
0.860987
0.852125
0.840622
0.826400
0.809974
0.790846
0.770294
0.747633
0.724794
0.701347
0.675736
0.649045
0.620779
0.591951
0.565782
0.541984
0.519461
0.499164
0.479875
0.463387
0.449895
0.437410
0.423247
0.407121
0.389850
0.374240
0.357610
0.338671
0.321618
0.308560
0.299267
0.292379
0.288368
0.287044
0.286839
0.288395
0.289726
0.291970
0.295570
0.302530
0.310883
0.321567
0.333210
0.345234
0.356101
0.367302
0.377989
0.388674
0.398622
0.409348
0.419557
0.429705
0.440894
0.450243
0.455449
0.458705
0.460885
0.460194
0.457348
0.453810
0.450309
0.446683
0.444221
0.444121
0.444922
0.447861
0.449978
0.452081
0.451991
0.450592
0.446897
0.442398
0.437777
0.434468
0.429497
0.425709
0.423082
0.421452
0.420398
0.418577
0.416219
0.412252
0.409694
0.410698
0.412709
0.415162
0.420486
0.427911
0.437411
0.449041
0.459626
0.467371
0.474950
0.481376
0.486259
0.489135
0.488501
0.486603
0.485418
0.485200
0.484021
0.481677
0.478486
0.476977
0.476432
0.475484
0.473782
0.470641
0.468937
0.467606
0.468363
0.469143
0.470278
0.473782
0.481053
0.488589
0.496971
0.505757
0.514936
0.526336
0.539089
0.551229
0.563284
0.577079
0.592967
0.611632
0.632556
0.652693
0.673403
0.695841
0.719523
0.743370
0.767054
0.788897
0.810232
0.832314
0.853886
0.874280
0.894763
0.914129
0.932995
0.949547
0.963444
0.974425
0.983577
0.989095
0.992313
0.993204
0.993013
0.992822
0.992632
0.992441
0.992250
0.992250
0.992250
0.992250
0.993035
0.993820
0.994605
0.995390
0.994900
0.994410
0.993920
0.993372
0.992097
0.990822
0.989040
0.985836
0.981445
0.975787
0.970128
0.963028
0.953883
0.943118
0.931621
0.919597
0.907260
0.893193
0.877501
0.862018
0.845934
0.829900
0.813247
0.795853
0.778836
0.763328
0.749498
0.738002
0.725276
0.713237
0.700264
0.686820
0.671136
0.652471
0.631265
0.609502
0.590184
0.572864
0.558109
0.543965
0.531070
0.520812
0.511721
0.502978
0.494660
0.485105
0.475834
0.466282
0.456205
0.444716
0.433201
0.422939
0.414113
0.406306
0.398047
0.388403
0.376710
0.367232
0.357568
0.349067
0.340771
0.334983
0.332417
0.333986
0.335886
0.336610
0.337832
0.337156
0.334572
0.330901
0.324991
0.318277
0.311540
0.304275
0.297475
0.293546
0.292121
0.291664
0.294535
0.297514
0.300359
0.301787
0.301754
0.299711
0.297455
0.295612
0.292009
0.289722
0.288949
0.289765
0.291552
0.292892
0.292128
0.291331
0.290485
0.288542
0.286491
0.285317
0.285045
0.287634
0.292859
0.299645
0.308075
0.317897
0.325871
0.333603
0.339891
0.344711
0.349545
0.354195
0.359378
0.364969
0.370200
0.375541
0.379433
0.384181
0.386492
0.387149
0.387418
0.386434
0.386391
0.387761
0.390083
0.392739
0.395686
0.399760
0.402557
0.404833
0.406029
0.405973
0.404588
0.401345
0.397555
0.392734
0.387570
0.382824
0.377824
0.372301
0.366845
0.361402
0.355649
0.352755
0.349289
0.349435
0.349366
0.351188
0.352783
0.353536
0.354375
0.357514
0.361067
0.366851
0.375939
0.387417
0.402039
0.420845
0.442507
0.464036
