# Fatigue Labels (0=alert, 1=fatigued)
0.082050
0.084428
0.080350
0.077405
0.076978
0.079805
0.084433
0.091600
0.099002
0.104101
0.117280
0.129501
0.138269
0.144618
0.142164
0.142712
0.142914
0.143821
0.144186
0.145221
0.146299
0.147465
0.147893
0.148449
0.149203
0.150123
0.151798
0.151770
0.151517
0.151532
0.153483
0.156307
0.161079
0.164767
0.166795
0.167095
0.167385
0.167574
0.165067
0.161919
0.157733
0.154558
0.154056
0.154985
0.155491
0.155579
0.155134
0.155491
0.155905
0.156329
0.157189
0.158719
0.160901
0.163495
0.165382
0.166328
0.167947
0.168990
0.169357
0.167460
0.164062
0.157956
0.152784
0.147936
0.142590
0.137068
0.132284
0.130239
0.129198
0.128570
0.127629
0.126411
0.124506
0.122291
0.120934
0.120262
0.119924
0.119924
0.119870
0.120022
0.119934
0.119367
0.118464
0.118352
0.119392
0.122743
0.127658
0.133333
0.141198
0.149098
0.157067
0.164739
0.169204
0.172786
0.175601
0.178807
0.180995
0.183102
0.185385
0.188297
0.191868
0.196068
0.201281
0.206452
0.210108
0.213367
0.216594
0.219448
0.221211
0.222775
0.223094
0.222613
0.221886
0.220380
0.216644
0.212047
0.207580
0.201508
0.197905
0.197648
0.197586
0.201473
0.208517
0.217063
0.224940
0.233195
0.240106
0.246664
0.254428
0.262087
0.268417
0.273509
0.277466
0.283399
0.287794
0.290351
0.292670
0.293751
0.294390
0.297176
0.299936
0.304269
0.309272
0.314212
0.318247
0.321762
0.322785
0.321417
0.316195
0.309203
0.299805
0.288037
0.276620
0.265055
0.254661
0.245670
0.236749
0.226279
0.216605
0.208221
0.199995
0.193217
0.186275
0.182971
0.181668
0.180641
0.181352
0.183822
0.186413
0.188105
0.186933
0.184161
0.183878
0.185605
0.187666
0.192578
0.199686
0.210277
0.222843
0.235553
0.247995
0.258018
0.267891
0.275391
0.280464
0.285214
0.290072
0.295075
0.300870
0.306995
0.311629
0.315666
0.316856
0.316509
0.316942
0.317067
0.315863
0.314432
0.313896
0.316017
0.320966
0.323057
0.323090
0.321677
0.318299
0.313479
0.305920
0.297755
0.290267
0.284827
0.281631
0.282060
0.285609
0.292426
0.300266
0.308306
0.314857
0.318655
0.319601
0.319895
0.320958
0.323532
0.327742
0.329990
0.333461
0.337015
0.342207
0.347533
0.350699
0.351183
0.352908
0.355089
0.358330
0.360878
0.361472
0.361341
0.359519
0.358181
0.357698
0.358861
0.359737
0.362464
0.366453
0.373467
0.381889
0.390778
0.400432
0.414093
0.430007
0.443772
0.455610
0.464559
0.472674
0.482253
0.492287
0.499183
0.506015
0.513725
0.521837
0.530437
0.537314
0.542853
0.547909
0.551891
0.554876
0.559647
0.562424
0.562036
0.559545
0.554339
0.547077
0.540498
0.532675
0.526087
0.520234
0.516805
0.512097
0.505061
0.496513
0.487873
0.478601
0.471347
0.461535
0.449487
0.439766
0.430693
0.421528
0.414313
0.406707
0.403553
0.404337
0.410163
0.420067
0.431653
0.444007
0.455507
0.467716
0.477208
0.483743
0.486046
0.485872
0.481479
0.473763
0.465509
0.453457
0.442672
0.435857
0.432615
0.429544
0.430883
0.432092
0.435002
0.439625
0.439948
0.436972
0.433436
0.428382
0.421809
0.411327
0.397470
0.381133
0.364545
0.348322
0.332701
0.320470
0.311247
0.304855
0.301972
0.302288
0.303903
0.308884
0.314242
0.317468
0.322657
0.327054
0.330191
0.332615
0.336598
0.338051
0.339718
0.342136
0.347098
0.355729
0.366042
0.374688
0.381296
0.388664
0.396985
0.403192
0.406565
0.409575
0.412795
0.417949
0.423529
0.428438
0.434612
0.443240
0.452761
0.458894
0.461701
0.462885
0.463374
0.462178
0.457182
0.448618
0.439664
0.432237
0.427422
0.423466
0.420218
0.416839
0.414678
0.417046
0.422716
0.428784
0.434750
0.438051
0.441632
0.444768
0.444760
0.443530
0.437763
0.432514
0.427451
0.423871
0.418567
0.415286
0.414717
0.417061
0.421405
0.427312
0.434676
0.446560
0.460077
0.472903
0.482051
0.489478
0.497940
0.504734
0.509959
0.513978
0.516988
0.518424
0.520779
0.521839
0.523524
0.524567
0.524344
0.523061
0.520930
0.521129
0.521072
0.518704
0.512988
0.506206
0.497659
0.489164
0.480459
0.468527
0.456952
0.444949
0.431906
0.420858
0.409487
0.396838
0.384094
0.369754
0.354353
0.339906
0.325550
0.308848
0.293659
0.280427
0.270613
0.266627
0.267624
0.274272
0.285273
0.297520
0.308749
0.317339
0.324336
0.329715
0.332284
0.331349
0.330192
0.331346
0.335248
0.339352
0.344559
0.349605
0.354792
0.361319
0.369605
0.377063
0.384661
0.392313
0.399749
0.406318
0.412834
0.419728
0.427296
0.432604
0.432283
0.429281
0.423074
0.415621
0.406246
0.396297
0.384925
0.374031
0.366674
0.363805
0.363487
0.362134
0.358224
0.355533
0.356392
0.358124
0.361200
0.361649
0.363283
0.367372
0.370715
0.371278
0.370668
0.365196
0.358589
0.353131
0.345056
0.334935
0.324931
0.316793
0.310500
0.307637
0.306153
0.305040
0.305770
0.311773
0.319826
0.328145
0.335257
0.341744
0.348314
0.353816
0.358113
0.357051
0.355272
0.351975
0.348752
0.343087
0.337891
0.333387
0.332811
0.332179
0.335067
0.340230
0.343139
0.346588
0.348840
0.350372
0.352740
0.355060
0.356219
0.357716
0.362682
0.367079
0.369094
0.370084
0.368712
0.366951
0.364698
0.361775
0.361163
0.360587
0.361612
0.361622
0.361943
0.361733
0.362570
0.362581
0.363030
0.361969
0.361410
0.361156
0.359359
0.358360
0.355884
0.355927
0.357741
0.362771
0.370868
0.377414
0.384775
0.394338
0.403975
0.414534
0.423983
0.432630
0.441384
0.452209
0.462565
0.472126
0.477907
0.481981
0.486863
0.491494
0.497916
0.503543
0.504891
0.505910
0.508039
0.510361
0.509964
0.509283
0.509211
0.510622
0.510585
0.510136
0.505242
0.496071
0.487882
0.477077
0.464402
0.451164
0.438874
0.427437
0.420522
0.416931
0.412458
0.410207
0.408322
0.411716
0.417476
0.424413
0.429687
0.432863
0.435865
0.438776
0.440312
0.440074
0.439190
0.440437
0.442163
0.443578
0.445275
0.448549
0.449472
0.449656
0.449687
0.447878
0.445216
0.440591
0.438224
0.436083
0.435855
0.433801
0.429933
0.428644
0.427959
0.425852
0.420492
0.412276
0.399926
0.389978
0.378789
0.365526
0.354940
0.346030
0.340225
0.336078
0.332202
0.327817
0.323930
0.323349
0.323234
0.325309
0.328116
0.331555
0.338457
0.348521
0.360279
0.369119
0.375216
0.377498
0.378008
0.374907
0.370578
0.365430
0.361578
0.361434
0.366528
0.378329
0.394305
0.412728
0.433125
0.453708
0.473019
0.488328
0.501510
0.512002
0.522390
0.534640
0.544122
0.553159
0.561087
0.571063
0.581162
0.590324
0.598478
0.603366
0.606468
0.609387
0.611141
0.612276
0.613022
0.610832
0.605391
0.601778
0.597053
0.590357
0.581522
0.569160
0.558372
0.552102
0.546277
0.541647
0.541013
0.540928
0.544385
0.550934
0.554870
0.559071
0.561093
0.564452
0.566544
0.565971
0.561713
0.554466
0.547184
0.538978
0.530163
0.522771
0.515232
0.508945
0.503380
0.498810
0.494340
0.490720
0.489333
0.488106
0.486805
0.485539
0.481466
0.477497
0.473117
0.465348
0.457903
0.451664
0.443225
0.435383
0.426842
0.419138
0.409932
0.399609
0.389040
0.380501
0.373755
0.372255
0.374446
0.379520
0.388420
0.398477
0.408120
0.417010
0.426201
0.431095
0.433880
0.433119
0.432954
0.434419
0.436245
0.439808
0.443239
0.446498
0.450102
0.453706
0.453188
0.450632
0.447026
0.444975
0.444575
0.446431
0.450955
0.457255
0.467820
0.481270
0.493183
0.503428
0.509428
0.513252
0.517441
0.523526
0.529849
0.539137
0.547447
0.557010
0.565710
0.569078
0.569512
0.567420
0.562952
0.557488
0.554797
0.556313
0.559687
0.568201
0.581254
0.593805
0.604929
0.611732
0.613924
0.612861
0.609343
0.599000
0.585662
0.569084
0.552099
0.537246
0.522155
0.506056
0.488755
0.471633
0.450997
0.434490
0.417787
0.404548
0.396599
0.391325
0.389455
0.390791
0.395781
0.400599
0.401157
0.399048
0.394616
0.387756
0.382158
0.375216
0.370971
0.371113
0.372789
0.378890
0.387778
0.397662
0.409495
0.422979
0.435578
0.449252
0.462380
0.476584
0.492124
0.507024
0.521987
0.537566
0.552893
0.567002
0.577755
0.586168
0.591110
0.591470
0.587576
0.580393
0.571484
0.559776
0.548955
0.538503
0.530286
0.522136
0.513574
0.506238
0.499678
0.495930
0.490019
0.482759
0.474582
0.467720
0.460595
0.452508
0.443463
0.434237
0.427791
0.420032
0.411477
0.401589
0.390470
0.379624
0.368936
0.355812
0.346043
0.341437
0.344269
0.352439
0.364483
0.378945
0.395330
0.412837
0.429924
0.446755
0.460623
0.472249
0.480311
0.487170
0.493934
0.501088
0.508355
0.517574
0.528550
0.540382
0.555444
0.568211
0.579482
0.587784
0.593007
0.598238
