# Fatigue Labels (0=alert, 1=fatigued)
0.183500
0.182539
0.183970
0.184445
0.181509
0.185829
0.186954
0.189467
0.192891
0.198277
0.205874
0.212215
0.215370
0.217683
0.217915
0.219536
0.221370
0.223907
0.228024
0.232349
0.236965
0.241862
0.247755
0.252530
0.257329
0.261044
0.264716
0.268695
0.272594
0.276449
0.280589
0.285102
0.289339
0.293545
0.297557
0.300978
0.305547
0.309998
0.315498
0.320104
0.324331
0.328589
0.332899
0.335868
0.338189
0.340055
0.342003
0.343486
0.343803
0.344770
0.346153
0.347349
0.348594
0.349352
0.350589
0.351610
0.353844
0.355331
0.356000
0.355929
0.356032
0.354956
0.354687
0.354183
0.352049
0.351134
0.350620
0.350047
0.349873
0.349976
0.351293
0.352491
0.354003
0.355158
0.356278
0.356799
0.355466
0.353102
0.350629
0.348200
0.346201
0.344780
0.343090
0.341522
0.341439
0.340137
0.339216
0.338718
0.337710
0.336245
0.336011
0.336034
0.337092
0.339947
0.340303
0.341027
0.340899
0.342015
0.341929
0.340893
0.340012
0.340913
0.342608
0.343658
0.345186
0.347871
0.349671
0.350036
0.349453
0.347803
0.346594
0.346054
0.346626
0.347529
0.349645
0.353013
0.355316
0.359191
0.363478
0.367111
0.369795
0.370138
0.369321
0.370047
0.370578
0.371338
0.372193
0.374017
0.377323
0.381657
0.385258
0.389047
0.393329
0.395681
0.398808
0.402938
0.407513
0.411736
0.415702
0.417439
0.417676
0.416216
0.413279
0.409335
0.404545
0.401184
0.397101
0.393114
0.390352
0.387659
0.386674
0.386261
0.384960
0.383603
0.382887
0.382834
0.383479
0.382356
0.380448
0.378754
0.377326
0.376794
0.378056
0.376289
0.373770
0.372136
0.370787
0.368985
0.368255
0.367639
0.367432
0.367853
0.369778
0.370675
0.371832
0.371531
0.372960
0.374434
0.377062
0.378742
0.380688
0.383091
0.385285
0.387312
0.386499
0.384248
0.382494
0.381651
0.379829
0.377383
0.373756
0.370296
0.368698
0.368429
0.366773
0.365234
0.363853
0.362263
0.361405
0.361783
0.362989
0.364043
0.366467
0.369465
0.374279
0.376468
0.376716
0.375174
0.374700
0.372739
0.369851
0.364948
0.359093
0.355215
0.351782
0.347687
0.343515
0.341204
0.340240
0.341049
0.344211
0.348552
0.353553
0.358689
0.364430
0.372074
0.380636
0.388299
0.394205
0.399317
0.404103
0.407336
0.408905
0.408452
0.407737
0.406937
0.404491
0.400837
0.398594
0.396621
0.397579
0.400372
0.403575
0.407989
0.414529
0.420586
0.426616
0.432166
0.436566
0.437461
0.437189
0.435544
0.435259
0.435115
0.433143
0.429074
0.425779
0.422829
0.419937
0.416446
0.412338
0.410372
0.411536
0.413586
0.416129
0.420901
0.425009
0.427844
0.429261
0.426929
0.421817
0.415911
0.408512
0.400678
0.393967
0.387202
0.380650
0.375929
0.373894
0.372023
0.370539
0.368836
0.366309
0.365930
0.366488
0.366802
0.369469
0.372553
0.374649
0.377739
0.377992
0.376601
0.374667
0.371947
0.367930
0.366124
0.364902
0.366211
0.370515
0.376655
0.383308
0.389770
0.394833
0.398676
0.400625
0.401193
0.400977
0.400460
0.399954
0.398791
0.397864
0.398064
0.397529
0.397076
0.397601
0.397155
0.396821
0.397679
0.398322
0.400478
0.402687
0.405275
0.407428
0.409593
0.411111
0.412627
0.414081
0.413933
0.413785
0.412267
0.411612
0.411188
0.410717
0.411501
0.412993
0.412595
0.410274
0.410087
0.412601
0.414844
0.416567
0.417606
0.419709
0.422814
0.425130
0.425005
0.424057
0.424889
0.425689
0.425816
0.426174
0.427359
0.431067
0.434751
0.438641
0.441067
0.445232
0.449759
0.455248
0.459440
0.464928
0.471479
0.477478
0.482470
0.488557
0.495981
0.500990
0.503896
0.506018
0.509609
0.513484
0.516852
0.519082
0.521861
0.525748
0.529511
0.530878
0.532712
0.535152
0.535863
0.537037
0.535751
0.533384
0.531932
0.531744
0.530568
0.528376
0.525800
0.524902
0.524107
0.521510
0.518711
0.516381
0.513407
0.510679
0.508437
0.505238
0.502022
0.497399
0.493019
0.489087
0.484506
0.480966
0.477035
0.473778
0.470971
0.468340
0.466020
0.466344
0.466189
0.467579
0.470219
0.472196
0.473792
0.474394
0.473993
0.471849
0.468483
0.463468
0.458241
0.453481
0.450211
0.448934
0.447201
0.447322
0.449434
0.451520
0.453118
0.453484
0.452044
0.450016
0.445244
0.441023
0.435410
0.430853
0.425619
0.423030
0.419551
0.417309
0.415918
0.415553
0.415701
0.415322
0.415570
0.416687
0.419474
0.422515
0.424700
0.430141
0.436447
0.441910
0.446631
0.449867
0.452694
0.455387
0.458114
0.459113
0.459756
0.461632
0.464416
0.467534
0.470713
0.474321
0.477134
0.480309
0.480117
0.478896
0.476864
0.473664
0.469929
0.466517
0.463154
0.461694
0.461514
0.461292
0.461314
0.461841
0.458453
0.452384
0.444790
0.435525
0.425376
0.413464
0.401634
0.391165
0.383773
0.380004
0.379500
0.382557
0.390197
0.400991
0.416421
0.434170
0.453922
0.474274
0.495702
0.517194
0.538476
0.558877
0.578182
0.597782
0.616381
0.634484
0.653007
0.671868
0.691516
0.712970
0.735870
0.759966
0.784868
0.811292
0.837844
0.864074
0.889525
0.913995
0.936306
0.955522
0.971165
0.983081
0.991888
0.996676
0.999593
0.998284
0.993568
0.987053
0.979455
0.969117
0.955184
0.937539
0.916367
0.895321
0.874583
0.852471
0.830172
0.809151
0.789748
0.770972
0.752863
0.734430
0.715117
0.694661
0.673598
0.652957
0.632732
0.613847
0.595642
0.577972
0.562123
0.546820
0.531860
0.515250
0.500043
0.488489
0.478705
0.470016
0.463010
0.459682
0.458880
0.462351
0.464649
0.465998
0.469750
0.473489
0.476562
0.477199
0.478797
0.480247
0.482222
0.484799
0.488236
0.491123
0.493107
0.495019
0.494705
0.491329
0.486631
0.478669
0.470642
0.462274
0.455765
0.451427
0.447483
0.444737
0.444264
0.444887
0.446259
0.449313
0.450492
0.451593
0.455052
0.456205
0.457629
0.459841
0.462898
0.463897
0.464980
0.466126
0.467362
0.468237
0.468583
0.467950
0.466023
0.463365
0.462092
0.461670
0.464401
0.467361
0.471061
0.475404
0.478945
0.482615
0.485356
0.483957
0.482082
0.478605
0.475006
0.474818
0.475322
0.474602
0.475069
0.474928
0.475055
0.476339
0.476806
0.475098
0.473253
0.470992
0.469371
0.469307
0.469852
0.470471
0.473698
0.477468
0.480374
0.480825
0.481519
0.483014
0.484802
0.485384
0.484074
0.482787
0.484005
0.486292
0.487653
0.487110
0.482997
0.479601
0.475972
0.473225
0.470637
0.466117
0.461222
0.458740
0.459613
0.461852
0.465260
0.469040
0.472709
0.475593
0.478140
0.478714
0.477317
0.476082
0.475471
0.474073
0.471212
0.467034
0.463004
0.459358
0.455797
0.451797
0.448573
0.450113
0.453911
0.460931
0.468836
0.475066
0.480978
0.486013
0.489650
0.490866
0.490212
0.487393
0.482678
0.478011
0.473546
0.469443
0.468279
0.468630
0.472398
0.478252
0.485164
0.492323
0.498631
0.505713
0.512783
0.517562
0.521240
0.524487
0.528469
0.532863
0.534411
0.534749
0.534357
0.533290
0.533900
0.534037
0.534457
0.535674
0.538329
0.541292
0.544141
0.547261
0.549390
0.550665
0.551126
0.550480
0.549768
0.546270
0.542850
0.539145
0.535064
0.531738
0.527391
0.522537
0.520534
0.520777
0.522336
0.523349
0.523056
0.523041
0.523447
0.522295
0.520333
0.516516
0.512043
0.508713
0.506240
0.502917
0.499353
0.496698
0.495145
0.494028
0.491481
0.488841
0.485494
0.481812
0.477971
0.473245
0.468351
0.464470
0.461452
0.458383
0.456842
0.455037
0.453756
0.451300
0.448388
0.444995
0.441576
0.437851
0.434160
0.430128
0.427550
0.425717
0.424141
0.422625
0.422391
0.422028
0.421883
0.420165
0.417753
0.416262
0.415006
0.415061
0.415937
0.417787
0.420979
0.424341
0.427881
0.431332
0.434651
0.437028
0.438182
0.438220
0.438914
0.439497
0.439606
0.440116
0.440760
0.441183
0.442111
0.442088
0.442266
0.441995
0.440224
0.436485
0.432527
0.427768
0.424320
0.422516
0.421771
0.422342
0.422849
0.424466
0.426574
0.428229
0.429998
0.430320
0.429775
0.429660
0.429129
0.428336
0.427709
0.426122
0.424669
0.423474
0.421208
0.418868
0.417047
0.415753
0.415752
0.415393
0.414726
0.415694
0.418390
0.422644
0.427108
0.431679
0.434736
0.437972
0.440601
0.442894
0.444233
0.444721
0.445621
0.446952
0.450328
0.452910
0.456078
0.460098
0.466758
0.474239
0.482728
0.489534
0.496422
0.503648
0.510838
0.516257
0.519643
0.521737
0.523915
0.525893
0.528518
0.531652
0.533551
0.535686
0.538809
0.542407
0.545671
0.549191
0.551817
0.553416
0.554756
0.555105
0.554937
0.552482
0.550702
0.547260
0.541999
0.535582
0.527821
0.519145
0.514011
0.510396
0.506247
0.501525
0.499366
0.498940
0.500999
0.501828
0.501485
0.499634
0.498666
0.498748
