# Fatigue Labels (0=alert, 1=fatigued)
0.049883
0.049517
0.055657
0.060569
0.059704
0.058089
0.061126
0.067474
0.076260
0.084275
0.087496
0.091165
0.091057
0.090179
0.089009
0.089187
0.090497
0.091952
0.093525
0.095120
0.096354
0.097911
0.099309
0.100291
0.101109
0.101168
0.101447
0.100785
0.100286
0.098884
0.097087
0.095270
0.093030
0.091733
0.091274
0.091101
0.090809
0.091476
0.092253
0.094457
0.096748
0.098892
0.099678
0.100177
0.100702
0.100344
0.099303
0.098016
0.096329
0.095046
0.094568
0.095773
0.097641
0.099772
0.102489
0.105228
0.108250
0.110821
0.113896
0.116702
0.119777
0.122780
0.125627
0.128713
0.130611
0.131474
0.131999
0.133051
0.133095
0.132570
0.131898
0.131922
0.132655
0.133546
0.134008
0.133989
0.134405
0.134916
0.135814
0.136673
0.136350
0.136163
0.136088
0.135740
0.134989
0.133734
0.132845
0.131120
0.128874
0.125919
0.122691
0.119326
0.116550
0.114821
0.113316
0.111373
0.109533
0.108651
0.108274
0.107682
0.106683
0.105491
0.104786
0.105271
0.105879
0.106806
0.107521
0.107524
0.106686
0.106017
0.104792
0.103397
0.101560
0.099759
0.098060
0.096280
0.094955
0.094687
0.094467
0.095296
0.097587
0.098914
0.100898
0.102720
0.104595
0.107057
0.108249
0.108529
0.108950
0.109428
0.109613
0.110529
0.110556
0.110377
0.109574
0.109637
0.109830
0.110189
0.109072
0.108256
0.108211
0.108251
0.108251
0.107682
0.106831
0.106275
0.105519
0.104695
0.103161
0.100100
0.097418
0.094119
0.091535
0.089806
0.087726
0.086975
0.087303
0.088436
0.090413
0.092848
0.095700
0.098679
0.102065
0.103913
0.105237
0.106617
0.107204
0.108013
0.107211
0.105257
0.103707
0.102316
0.101286
0.100336
0.099369
0.098480
0.098996
0.099581
0.100323
0.101103
0.101852
0.102938
0.103739
0.103845
0.104549
0.104953
0.105199
0.104823
0.103560
0.100746
0.098258
0.094356
0.091268
0.088013
0.085356
0.083517
0.083295
0.084843
0.086980
0.089138
0.091732
0.094943
0.098178
0.101429
0.104040
0.105624
0.106994
0.108057
0.108337
0.108041
0.107280
0.105956
0.104768
0.101959
0.098747
0.096349
0.094264
0.094409
0.094907
0.095386
0.097844
0.100887
0.102925
0.104359
0.104302
0.104163
0.104918
0.104923
0.104921
0.104537
0.105046
0.106133
0.107438
0.107931
0.107914
0.108072
0.109366
0.110929
0.111240
0.111817
0.112514
0.113584
0.114299
0.115510
0.116456
0.117820
0.117897
0.118147
0.118586
0.118968
0.119485
0.120594
0.121875
0.125040
0.128090
0.130267
0.134413
0.140222
0.145256
0.147757
0.149031
0.149391
0.149910
0.149466
0.146625
0.142470
0.139479
0.138964
0.138022
0.137751
0.137997
0.138751
0.139321
0.138852
0.137511
0.135898
0.134055
0.132095
0.131461
0.132138
0.133794
0.135680
0.137593
0.139783
0.141853
0.142767
0.140539
0.137760
0.135604
0.134118
0.132486
0.131612
0.131242
0.133393
0.136400
0.138538
0.139916
0.141976
0.143739
0.145397
0.147125
0.149279
0.152926
0.157185
0.160959
0.163829
0.166037
0.166543
0.164952
0.161276
0.156579
0.152056
0.147505
0.143202
0.139236
0.137956
0.138311
0.139020
0.139102
0.139967
0.141180
0.143012
0.143439
0.143079
0.142053
0.141677
0.140337
0.137883
0.135404
0.133667
0.131614
0.128641
0.125971
0.124307
0.123482
0.123174
0.123397
0.125364
0.130599
0.137288
0.142633
0.147572
0.152667
0.156912
0.158342
0.158678
0.156593
0.155734
0.156424
0.157428
0.158442
0.160793
0.163974
0.167570
0.169923
0.170544
0.172690
0.174260
0.177334
0.180132
0.183053
0.186293
0.189254
0.192701
0.194200
0.193470
0.191040
0.187148
0.182333
0.179064
0.175686
0.171430
0.167363
0.165217
0.162871
0.162082
0.160379
0.155597
0.151070
0.147494
0.144107
0.139701
0.135800
0.132685
0.132252
0.130629
0.128823
0.125341
0.121888
0.119117
0.116294
0.112906
0.108543
0.106159
0.105197
0.104857
0.104205
0.103775
0.102925
0.102743
0.103405
0.104080
0.104803
0.106367
0.108720
0.110933
0.113759
0.115417
0.116293
0.116542
0.117083
0.117732
0.119356
0.120474
0.123452
0.126499
0.130332
0.135865
0.141776
0.146380
0.150976
0.155894
0.160398
0.165953
0.168339
0.169998
0.171207
0.173728
0.178792
0.186050
0.195235
0.206995
0.220844
0.235724
0.251203
0.265194
0.275949
0.285197
0.292751
0.297982
0.303353
0.305471
0.308691
0.310439
0.314280
0.320086
0.328218
0.337251
0.351051
0.367607
0.387170
0.409225
0.429680
0.452583
0.475748
0.496214
0.511671
0.521562
0.525571
0.525031
0.518583
0.507893
0.493953
0.479849
0.466992
0.457083
0.448518
0.441379
0.435684
0.429891
0.426117
0.421569
0.417521
0.411368
0.402083
0.390716
0.379186
0.366579
0.353370
0.338632
0.321179
0.304260
0.287771
0.270699
0.255009
0.239701
0.224308
0.214074
0.207522
0.204715
0.203670
0.204183
0.204985
0.208057
0.209992
0.211529
0.213788
0.217075
0.224241
0.235187
0.248944
0.262132
0.276271
0.290086
0.301208
0.308629
0.309171
0.305014
0.297366
0.288814
0.279899
0.271368
0.263807
0.257471
0.254406
0.253562
0.252455
0.251413
0.249322
0.248586
0.248903
0.249477
0.247866
0.247916
0.248068
0.247775
0.247021
0.241587
0.232687
0.220222
0.208691
0.197399
0.185770
0.176540
0.171072
0.169895
0.173068
0.177954
0.183822
0.191539
0.198740
0.205597
0.212507
0.217546
0.221468
0.223198
0.223601
0.223580
0.222947
0.221314
0.219062
0.218621
0.220326
0.222899
0.226693
0.231733
0.237070
0.241752
0.246536
0.250630
0.251861
0.252665
0.250946
0.248733
0.245565
0.240339
0.235883
0.231516
0.230197
0.229802
0.228339
0.226204
0.225782
0.226311
0.227313
0.226914
0.225579
0.224746
0.225872
0.229218
0.231460
0.232453
0.232168
0.231036
0.229345
0.226470
0.219917
0.213496
0.207606
0.204666
0.202680
0.201398
0.200680
0.201597
0.204240
0.205943
0.208048
0.205313
0.201801
0.198916
0.196847
0.193795
0.190686
0.186629
0.183819
0.184736
0.188614
0.189905
0.189871
0.189736
0.189052
0.191488
0.194501
0.194934
0.194677
0.199292
0.203567
0.208153
0.212179
0.217391
0.224333
0.233105
0.243402
0.255564
0.271738
0.289756
0.305227
0.320249
0.333272
0.344447
0.352843
0.357333
0.359445
0.362301
0.363344
0.360014
0.356722
0.351784
0.346980
0.341892
0.334840
0.326374
0.320349
0.315868
0.310409
0.307067
0.304102
0.301564
0.297315
0.293374
0.288125
0.282073
0.272888
0.258675
0.241274
0.226226
0.211544
0.196683
0.183557
0.173763
0.169351
0.171011
0.176467
0.184893
0.196841
0.211670
0.228500
0.244873
0.261618
0.278593
0.295399
0.314283
0.329829
0.346137
0.359302
0.372121
0.381156
0.388578
0.391912
0.392947
0.395525
0.399430
0.406024
0.417980
0.434734
0.451961
0.473038
0.492621
0.512537
0.535237
0.555415
0.571657
0.582576
0.588065
0.593700
0.599107
0.604637
0.609822
0.614559
0.622048
0.630337
0.640921
0.649213
0.659388
0.668316
0.677283
0.688259
0.701616
0.718595
0.733602
0.746992
0.759275
0.769485
0.777058
0.784502
0.791140
0.799641
0.806901
0.807293
0.807685
0.808094
0.808172
0.807856
0.805527
0.803764
0.806581
0.810178
0.813774
0.815814
0.818571
0.824255
0.831574
0.838361
0.844816
0.854157
0.863499
0.871532
0.872474
0.872145
0.872453
0.873614
0.872463
0.868067
0.863672
0.862719
0.862869
0.863880
0.867883
0.871886
0.876915
0.885421
0.896075
0.906824
0.916248
0.921624
0.925922
0.928882
0.927673
0.921495
0.914186
0.906878
0.899569
0.893114
0.887817
0.884961
0.885291
0.890790
0.896302
0.901815
0.906474
0.911303
0.918111
0.923276
0.924999
0.925505
0.926010
0.926516
0.927022
0.926502
0.924972
0.925828
0.926683
0.927539
0.928395
0.929549
0.932042
0.938337
0.944102
0.945063
0.942766
0.939020
0.934912
0.928612
0.916714
0.898820
0.879135
0.860845
0.841861
0.821226
0.797710
0.773644
0.751377
0.730460
0.709491
0.688554
0.667391
0.645377
0.623035
0.600189
0.574741
0.548724
0.522571
0.496186
0.469101
0.441569
0.414512
0.388937
0.368969
0.351789
0.335901
0.319821
0.304608
0.292493
0.285505
0.277451
0.267233
0.257836
0.250041
0.244887
0.239990
0.234375
0.226834
0.218884
0.210598
0.202840
0.195299
0.188259
0.181937
0.176882
0.172023
0.167578
0.163413
0.160780
0.158648
0.155368
0.151430
0.146617
0.143533
0.140793
0.137635
0.134245
0.130732
0.126215
0.122989
0.120402
0.115719
0.112066
0.110580
0.109426
0.108836
0.109297
0.109692
0.109963
0.109693
0.109597
0.108460
0.107044
0.106080
0.105898
0.106082
0.106228
0.105311
0.104525
0.104802
0.106593
0.107026
0.106167
0.105367
0.105101
0.104395
0.104432
0.104233
0.104068
0.104284
0.106874
