# Fatigue Labels (0=alert, 1=fatigued)
0.428417
0.451822
0.472550
0.490990
0.496800
0.488609
0.478269
0.469207
0.460899
0.453668
0.445994
0.438460
0.433251
0.427101
0.420254
0.416617
0.412194
0.406443
0.399793
0.392863
0.385393
0.376532
0.367943
0.360566
0.353652
0.347011
0.341660
0.336396
0.331045
0.327471
0.323555
0.320698
0.318044
0.315387
0.313643
0.312175
0.310840
0.309148
0.306968
0.304574
0.302509
0.301384
0.300765
0.300593
0.301157
0.301670
0.302444
0.302811
0.302624
0.302610
0.302849
0.302541
0.302389
0.303155
0.304387
0.305522
0.306849
0.309037
0.310648
0.311915
0.313232
0.314032
0.315148
0.315622
0.316114
0.315884
0.316246
0.316427
0.316251
0.316750
0.317643
0.318414
0.319918
0.323331
0.330276
0.340758
0.354344
0.369374
0.385379
0.401256
0.416418
0.428457
0.436945
0.442059
0.446041
0.448138
0.448703
0.448779
0.448814
0.449392
0.450108
0.450568
0.450714
0.450190
0.450354
0.450734
0.451709
0.453211
0.453507
0.452735
0.452053
0.450587
0.446575
0.438974
0.427975
0.414440
0.400972
0.386548
0.373510
0.362457
0.354779
0.350815
0.349908
0.349670
0.350599
0.351971
0.352544
0.353684
0.354654
0.355462
0.355852
0.356709
0.358856
0.361642
0.364338
0.365787
0.366906
0.368541
0.371628
0.374606
0.376816
0.378902
0.381402
0.383521
0.385987
0.388180
0.389813
0.390107
0.389826
0.390333
0.390493
0.390476
0.389805
0.389594
0.389584
0.390278
0.390017
0.387946
0.386128
0.384578
0.382606
0.381692
0.382051
0.384586
0.390776
0.400401
0.412968
0.425613
0.439163
0.452741
0.467689
0.481459
0.495377
0.509005
0.523497
0.539248
0.554091
0.567836
0.579022
0.588643
0.595829
0.600319
0.602001
0.603516
0.604598
0.608105
0.613430
0.619206
0.625468
0.633203
0.639384
0.643161
0.643773
0.641094
0.633501
0.623021
0.610564
0.596413
0.582826
0.567024
0.551810
0.536767
0.522266
0.506122
0.489871
0.474566
0.460749
0.448795
0.437903
0.428191
0.422086
0.417425
0.413530
0.410753
0.405328
0.399606
0.394058
0.388249
0.381339
0.374171
0.367452
0.362700
0.361107
0.362953
0.367659
0.376537
0.389852
0.404559
0.422081
0.441241
0.460879
0.480832
0.500916
0.519821
0.537564
0.556279
0.574787
0.593840
0.614426
0.633157
0.650184
0.665825
0.678814
0.689583
0.697505
0.702210
0.705064
0.707882
0.711682
0.715391
0.719151
0.722263
0.724849
0.725048
0.722009
0.715408
0.709086
0.703290
0.696164
0.688390
0.681906
0.677160
0.675595
0.674686
0.671474
0.668368
0.664513
0.658936
0.652799
0.647913
0.642298
0.638767
0.636540
0.635083
0.635090
0.636876
0.638566
0.639160
0.639903
0.639916
0.637994
0.634907
0.631367
0.627701
0.624578
0.618897
0.610863
0.601896
0.592880
0.582575
0.570779
0.555358
0.540368
0.526710
0.511975
0.498307
0.486207
0.476953
0.470399
0.466342
0.462494
0.461040
0.460401
0.460916
0.461078
0.460644
0.459343
0.457275
0.454993
0.452168
0.451284
0.452928
0.456893
0.460021
0.465271
0.473205
0.483217
0.493914
0.502512
0.508445
0.513337
0.517523
0.519052
0.520291
0.521059
0.521126
0.520910
0.520028
0.519120
0.517777
0.516358
0.515855
0.515223
0.514312
0.513968
0.514659
0.516288
0.517698
0.519252
0.519476
0.517379
0.513563
0.510564
0.505690
0.498716
0.492684
0.486564
0.481349
0.477120
0.473754
0.470958
0.470027
0.470107
0.469305
0.467851
0.466515
0.464110
0.461181
0.459129
0.455550
0.451514
0.447564
0.444501
0.442063
0.440268
0.438716
0.437167
0.434529
0.431092
0.427949
0.423520
0.419261
0.414593
0.407964
0.399660
0.390845
0.381638
0.373798
0.366818
0.360607
0.355453
0.352023
0.349753
0.349333
0.348718
0.348548
0.347344
0.345337
0.344086
0.342678
0.341400
0.340186
0.338524
0.337147
0.335861
0.335640
0.336087
0.336709
0.336791
0.337859
0.338534
0.340003
0.342997
0.345621
0.348745
0.352255
0.355986
0.358961
0.361712
0.363667
0.365550
0.369899
0.375011
0.381536
0.391483
0.405276
0.421776
0.441233
0.461824
0.483626
0.505149
0.527618
0.550105
0.572133
0.593041
0.614618
0.636234
0.657966
0.678884
0.699470
0.720053
0.740357
0.760074
0.776122
0.790266
0.803718
0.817791
0.831703
0.845776
0.858131
0.868268
0.879821
0.889209
0.894033
0.895627
0.894183
0.887183
0.878914
0.866939
0.852279
0.836127
0.818451
0.798620
0.777204
0.757177
0.737433
0.718374
0.700093
0.682570
0.665239
0.647337
0.628998
0.612772
0.597479
0.582149
0.566067
0.549134
0.532067
0.515568
0.499513
0.481853
0.464771
0.449024
0.433850
0.419239
0.408271
0.397039
0.387443
0.380873
0.374563
0.369434
0.366526
0.365778
0.363683
0.362430
0.360982
0.359127
0.357602
0.357039
0.358010
0.359128
0.361066
0.363431
0.366727
0.370687
0.374977
0.378913
0.381999
0.384172
0.385640
0.388147
0.392207
0.398137
0.406584
0.416186
0.426559
0.437521
0.448735
0.459805
0.471885
0.483735
0.494564
0.507908
0.522727
0.540516
0.557965
0.573719
0.588318
0.603083
0.618249
0.632853
0.646097
0.657911
0.667684
0.675446
0.680224
0.682933
0.682918
0.681252
0.677098
0.672886
0.667613
0.659914
0.650692
0.641072
0.631658
0.621626
0.610044
0.595989
0.580606
0.565210
0.546529
0.524286
0.498880
0.474729
0.451951
0.429015
0.406002
0.385107
0.366748
0.350526
0.336407
0.324649
0.314896
0.309461
0.306839
0.307729
0.310705
0.316504
0.321451
0.326233
0.331651
0.336745
0.340829
0.344733
0.347853
0.352637
0.357711
0.363609
0.370456
0.378188
0.386469
0.393853
0.401021
0.408093
0.415974
0.423082
0.428581
0.432007
0.434790
0.436082
0.437018
0.437367
0.437561
0.437424
0.437506
0.436933
0.434043
0.430300
0.424975
0.418149
0.409423
0.400140
0.390265
0.381718
0.374702
0.368307
0.363260
0.359408
0.356447
0.354177
0.353368
0.350343
0.346439
0.343066
0.339228
0.334701
0.331570
0.329361
0.328692
0.329807
0.332467
0.333137
0.334132
0.333697
0.333153
0.332215
0.331873
0.330957
0.330666
0.332590
0.335744
0.338757
0.341696
0.342716
0.344471
0.345309
0.344104
0.342584
0.342598
0.342174
0.343738
0.345989
0.346466
0.346834
0.347785
0.347070
0.346031
0.344251
0.340806
0.336507
0.333513
0.330323
0.327696
0.325066
0.323488
0.321798
0.322176
0.323604
0.326014
0.328906
0.333437
0.337407
0.341341
0.343586
0.345516
0.346963
0.346572
0.344623
0.341962
0.339318
0.337058
0.336175
0.335985
0.337030
0.338706
0.340522
0.342388
0.343069
0.343417
0.343207
0.342229
0.341167
0.341253
0.341989
0.343513
0.345418
0.347543
0.350686
0.354961
0.358213
0.360157
0.361870
0.364929
0.368357
0.371345
0.375441
0.381533
0.387914
0.394167
0.399662
0.403267
0.406555
0.407706
0.406944
0.406384
0.405875
0.407478
0.411177
0.416583
0.423328
0.430974
0.437289
0.442193
0.445128
0.446678
0.446782
0.443689
0.439594
0.436594
0.435507
0.436532
0.439472
0.443941
0.452486
0.463299
0.470861
0.478214
0.488218
0.496506
0.504488
0.510112
0.514079
0.519558
0.524253
0.526530
0.526418
0.523957
0.519476
0.514121
0.506833
0.498898
0.492393
0.487420
0.483447
0.481480
0.481452
0.482360
0.484160
0.485818
0.486426
0.484435
0.480260
0.471738
0.460924
0.451403
0.442650
0.430642
0.420779
0.413009
0.409026
0.407845
0.406870
0.406009
0.406207
0.408363
0.410380
0.412164
0.414122
0.417150
0.421390
0.423787
0.424820
0.423428
0.421621
0.418228
0.414298
0.408834
0.404116
0.399391
0.396849
0.395788
0.396798
0.398499
0.399754
0.399765
0.401019
0.402095
0.401875
0.400757
0.399199
0.396883
0.394414
0.392380
0.389353
0.387348
0.386151
0.384692
0.383575
0.382110
0.382285
0.384248
0.387656
0.389819
0.393316
0.396236
0.397834
0.397593
0.397096
0.394678
0.392398
0.388497
0.383293
0.377974
0.374322
0.371377
0.368422
0.364702
0.359691
0.355724
0.353117
0.350525
0.347331
0.343059
0.339314
0.337299
0.336357
0.335448
0.333465
0.332599
0.331278
0.330153
0.328752
0.325352
0.322137
0.321260
0.322208
0.322867
0.323625
0.323306
0.325435
0.329139
0.332562
0.334837
0.335456
0.336615
0.338661
0.341761
0.344659
0.346406
0.349102
0.352563
0.358811
0.365140
0.370027
0.375448
0.379486
0.384751
0.389089
0.392402
0.394493
0.395971
0.398437
0.400598
0.402106
0.403166
0.405249
0.407562
0.409975
0.411309
0.411227
0.411294
0.410239
0.408451
0.405968
0.404361
0.402013
0.398640
0.394528
0.390474
0.386886
0.382760
0.378225
0.374932
0.371707
0.370173
0.368790
0.365508
0.362247
0.359357
0.355252
0.350212
0.344547
0.337922
0.331059
0.324775
0.318758
0.313517
0.309719
0.307518
0.306807
0.308160
0.310243
0.311797
0.313797
